1.01022;-3.90625e-05;2.82985
2.01711;-3.90625e-05;2.8175
3.03044;-3.90625e-05;3.21667
4.04359;0;3.81276
5.08663;0.000351562;4.25792
6.15856;0.000820312;4.64397
7.17124;0.00132813;5.06001
8.1889;0.00179687;5.43656
9.20158;0.00222656;5.93236
10.2957;0.00265625;6.44683
11.3647;0.00304687;6.81249
12.4693;0.0034375;6.82504
13.5032;0.00386719;7.37775
14.618;0.00457031;7.98438
15.6741;0.00519531;8.44772
16.7893;0.00585938;8.89502
17.8118;0.00640625;9.27421
18.8765;0.00695312;9.58849
19.9824;0.0075;9.94874
21.1284;0.00828125;10.2996
22.1417;0.00898437;10.5934
23.1832;0.0096875;10.8818
24.2523;0.0103906;11.1652
25.3483;0.0110937;11.4859
26.47;0.0119141;11.7
27.6165;0.0128906;11.9951
28.7865;0.0138281;12.2293
29.9788;0.0147656;12.455
30.9888;0.0155469;12.5962
32.0129;0.0163281;12.7669
33.0493;0.0172656;12.89
34.0875;0.0182422;12.8754
35.1241;0.0192188;12.7926
36.1496;0.0201953;12.6651
37.1646;0.0211719;12.5338
38.1728;0.0220703;12.4766
39.1771;0.0230469;12.4441
40.1808;0.0240234;12.4539
41.1862;0.025;12.4796
42.1954;0.0259766;12.5511
43.2101;0.0269531;12.6096
44.2315;0.0279297;12.7217
45.2607;0.0289062;12.827
46.2962;0.03;12.8399
47.3308;0.0311719;12.8256
48.3702;0.0323437;13.0381
49.4308;0.0335156;13.2496
50.5126;0.0346875;13.513
51.6153;0.0358594;13.8263
52.7385;0.0372266;14.0264
53.882;0.0385938;14.3296
55.0454;0.0399609;14.5717
56.2284;0.0413281;14.8169
57.4308;0.0428516;15.0551
58.6523;0.0444141;15.29
59.8926;0.0459766;15.5061
60.8927;0.0472656;15.5085
62.1419;0.0487891;15.4905
63.146;0.0500781;15.6382
64.1635;0.0514453;15.842
65.1938;0.0528516;16.0937
66.2368;0.0542578;16.2353
67.292;0.0556641;16.4251
68.3593;0.0570703;16.6105
69.4383;0.0586328;16.7918
70.5289;0.0601953;16.9691
71.6307;0.0617578;17.1895
72.7436;0.0633203;17.3587
73.8673;0.0649219;17.4794
75.0016;0.0666406;17.6876
76.1463;0.0683594;17.8037
77.3013;0.0700781;17.9617
78.4665;0.0717969;18.1599
79.6415;0.0736719;18.3126
80.8263;0.0755469;18.4631
82.0208;0.0774219;18.5704
83.2249;0.0792969;18.7584
84.4383;0.0811719;18.8992
85.6611;0.083125;19.0471
86.8931;0.0851562;19.1892
88.1343;0.0871875;19.33
89.3845;0.0892188;19.4695
90.6436;0.09125;19.6069
91.9115;0.0933594;19.7396
93.1879;0.0955469;19.8318
94.4725;0.0977344;19.9958
95.7653;0.0999219;20.0865
97.0663;0.102109;20.2127
98.3754;0.104297;20.3372
99.6924;0.106602;20.4935
101.017;0.108945;20.5778
102.35;0.111289;20.73
103.354;0.113047;20.8174
104.362;0.114922;20.8696
105.375;0.116797;20.9851
106.391;0.118672;21.0609
107.412;0.120547;21.1134
108.436;0.122422;21.2208
109.463;0.124297;21.2952
110.495;0.126211;21.3389
111.53;0.128203;21.4104
112.568;0.130195;21.4815
113.61;0.132188;21.5807
114.655;0.13418;21.6501
115.703;0.136172;21.691
116.755;0.138164;21.7589
117.81;0.140234;21.8532
118.868;0.142344;21.8931
119.93;0.144453;21.9892
120.995;0.146563;22.0306
122.063;0.148672;22.1301
123.135;0.150781;22.1727
124.21;0.152969;22.2715
125.288;0.155195;22.313
126.37;0.157422;22.3831
127.456;0.159687;22.4537
128.544;0.161914;22.5471
129.637;0.164141;22.5934
130.732;0.166484;22.6622
131.831;0.168828;22.7589
132.933;0.171172;22.8002
134.039;0.173516;22.8701
135.148;0.175859;22.9393
136.26;0.178203;23.008
137.375;0.180664;23.0886
138.492;0.183125;23.0888
139.609;0.185586;23.0726
140.724;0.188047;23.0548
141.841;0.190508;23.1075
142.963;0.192969;23.204
144.089;0.19543;23.3353
145.219;0.197891;23.3917
146.354;0.200469;23.5175
147.493;0.203047;23.5712
148.637;0.205625;23.6921
149.784;0.208203;23.7433
150.936;0.210781;23.8597
152.092;0.213477;23.9086
153.251;0.216172;23.9887
154.414;0.218906;24.0979
155.581;0.221602;24.1432
156.752;0.224336;24.2485
157.926;0.227148;24.3208
159.104;0.229961;24.3624
160.285;0.232773;24.4312
161.469;0.235586;24.499
162.657;0.238398;24.5924
163.848;0.241289;24.6565
165.041;0.244219;24.7189
166.238;0.247148;24.7811
167.438;0.250078;24.8165
168.641;0.253008;24.8775
169.847;0.255937;24.9651
171.055;0.258945;25.0261
172.267;0.261992;25.0871
173.482;0.265039;25.1488
174.699;0.268086;25.2114
175.92;0.271133;25.2477
177.144;0.274219;25.3383
178.37;0.277383;25.4017
179.6;0.280547;25.4381
180.833;0.283711;25.528
182.069;0.286914;25.5643
183.308;0.290156;25.6545
184.55;0.293437;25.7178
185.796;0.296719;25.7816
187.044;0.3;25.8184
188.295;0.303281;25.9099
189.55;0.306602;25.9471
190.807;0.31;26.0118
192.068;0.313398;26.0764
193.332;0.316797;26.1685
194.599;0.320195;26.2057
195.869;0.323594;26.2987
197.142;0.327109;26.3642
198.419;0.330625;26.4017
199.698;0.334141;26.467
200.981;0.337656;26.5326
202.267;0.341211;26.6255
203.556;0.344844;26.6907
204.849;0.348477;26.756
206.144;0.352109;26.821
207.443;0.355742;26.8854
208.744;0.359414;26.922
210.049;0.363164;27.0132
211.357;0.366953;27.0767
212.668;0.370703;27.1404
213.982;0.374453;27.1768
215.299;0.37832;27.2411
216.619;0.382187;27.3334
217.942;0.386055;27.3702
219.269;0.389922;27.435
220.598;0.393828;27.5271
221.931;0.397812;27.5633
223.267;0.401797;27.6539
224.606;0.405781;27.7167
225.948;0.409766;27.7792
227.292;0.413828;27.8418
228.64;0.41793;27.9047
229.991;0.422031;27.94
231.345;0.426133;28.0024
232.702;0.430234;28.0645
234.062;0.434453;28.1263
235.425;0.438672;28.215
236.791;0.442891;28.277
238.16;0.447109;28.3386
239.532;0.451484;28.4006
240.907;0.45582;28.4355
242.285;0.460156;28.5254
243.666;0.464492;28.5606
245.05;0.468906;28.6235
246.437;0.473359;28.6866
247.827;0.477812;28.7493
249.22;0.482266;28.8386
250.616;0.486719;28.8729
252.015;0.49125;28.934
253.417;0.49582;28.9952
254.822;0.500391;29.0838
256.23;0.504961;29.1178
257.641;0.509531;29.2061
259.055;0.514219;29.2671
260.472;0.518906;29.3283
261.892;0.523594;29.3622
263.315;0.528281;29.4501
264.74;0.533086;29.4837
266.169;0.537891;29.5442
267.6;0.542695;29.6321
269.035;0.547578;29.6929
270.472;0.5525;29.7265
271.913;0.557422;29.787
273.356;0.562344;29.8746
274.802;0.567305;29.9078
276.251;0.572344;29.9928
277.703;0.577383;30.0223
279.157;0.582422;30.0953
280.614;0.587461;30.138
282.072;0.592578;30.1764
283.533;0.597734;30.2107
284.995;0.602891;30.242
286.458;0.608047;30.2542
287.923;0.613203;30.2978
289.389;0.618359;30.3247
290.857;0.623516;30.3359
292.326;0.628711;30.3646
293.796;0.633984;30.3951
295.268;0.639258;30.4268
296.741;0.644531;30.4602
298.216;0.649805;30.5165
299.693;0.655078;30.5564
301.172;0.660352;30.5772
302.653;0.665742;30.6432
304.136;0.671055;30.6895
305.621;0.67582;30.7142
307.109;0.679805;30.7632
308.599;0.682773;30.8134
310.092;0.684336;30.8647
311.587;0.684102;30.9169
313.085;0.68168;30.9951
314.585;0.676719;31.0491
315.587;0.671875;31.0855
316.59;0.665703;31.0963
317.594;0.65832;31.133
318.599;0.649531;31.17
319.605;0.639414;31.2334
320.613;0.627891;31.271
321.622;0.615078;31.2824
322.632;0.601016;31.3469
323.643;0.585703;31.3852
324.655;0.569297;31.3969
325.669;0.551875;31.4274
326.683;0.533555;31.4334
327.696;0.514336;31.4197
328.709;0.494414;31.4045
329.721;0.473789;31.3872
330.733;0.452422;31.4146
331.746;0.430273;31.4246
332.761;0.407422;31.4856
333.776;0.383945;31.4963
334.793;0.359766;31.5579
335.811;0.334844;31.5941
336.83;0.309141;31.6047
337.85;0.282617;31.6665
338.871;0.255195;31.6771
339.894;0.226797;31.7389
340.917;0.197461;31.7495
341.942;0.167109;31.8114
342.967;0.135664;31.8476
343.994;0.103203;31.8581
345.022;0.0696484;31.9201
346.052;0.0350391;31.9307
347.082;-0.000625;31.9928
348.113;-0.0372266;32.0292
349.146;-0.0747656;32.0656
350.18;-0.113086;32.102
351.215;-0.152109;32.1385
352.251;-0.191758;32.1491
353.288;-0.231953;32.1856
354.326;-0.2725;32.2221
355.366;-0.31332;32.2845
356.406;-0.354297;32.295
357.448;-0.395352;32.3573
358.491;-0.436328;32.3937
359.536;-0.477227;32.4042
360.581;-0.517852;32.4664
361.628;-0.558242;32.5027
362.675;-0.598281;32.539
363.724;-0.637969;32.5493
364.774;-0.677305;32.5855
365.826;-0.716211;32.6217
366.878;-0.754766;32.6837
367.932;-0.792891;32.7199
368.987;-0.830703;32.7301
370.043;-0.868164;32.7662
371.1;-0.905234;32.8282
372.158;-0.941758;32.8383
373.218;-0.977617;32.8997
374.279;-1.01242;32.935
375.341;-1.0457;32.9694
376.404;-1.07684;32.9783
377.468;-1.10504;33.0343
378.533;-1.12957;33.0409
379.6;-1.14969;33.0693
380.667;-1.16437;33.1161
381.735;-1.17258;33.1144
382.804;-1.1732;33.1287
383.873;-1.16535;33.1535
384.943;-1.14797;33.1504
386.012;-1.1202;33.1236
387.08;-1.08133;33.1044
388.148;-1.03059;33.0869
389.214;-0.967344;33.0476
390.279;-0.890898;32.9899
391.342;-0.800781;32.9427
392.401;-0.696523;32.8788
393.458;-0.577773;32.8003
394.512;-0.444297;32.7261
395.562;-0.295898;32.6622
396.608;-0.132461;32.5732
397.65;0.0461328;32.5103
398.687;0.239883;32.4365
399.72;0.448906;32.3494
400.748;0.672969;32.2817
401.77;0.911758;32.2412
402.788;1.16539;32.1922
403.8;1.43344;32.1524
404.808;1.71547;32.1244
405.81;2.01129;32.1111
406.808;2.32039;32.1114
407.802;2.64203;32.1257
408.791;2.97543;32.1276
409.776;3.31988;32.1989
410.759;3.67406;32.2241
411.739;4.03652;32.3146
412.718;4.40578;32.3802
413.696;4.77977;32.4442
414.674;5.15621;32.5022
415.653;5.53293;32.525
416.635;5.90746;32.5627
417.619;6.2777;32.6143
418.606;6.64215;32.6076
419.596;7;32.6434
420.59;7.35043;32.6517
421.587;7.6932;32.6602
422.587;8.02848;32.6711
423.59;8.35633;32.6869
424.597;8.67695;32.6826
425.606;8.9909;32.7402
426.618;9.29906;32.7793
427.633;9.60219;32.8248
428.65;9.90187;32.8482
429.669;10.1994;32.9003
430.69;10.4965;32.9509
431.711;10.7954;32.9959
432.732;11.0981;33.0552
433.753;11.407;33.0813
434.772;11.7224;33.0971
435.789;12.0461;33.0842
436.804;12.3792;33.082
437.816;12.7224;33.0915
438.825;13.0768;33.0537
439.828;13.4428;33.0517
440.828;13.8209;33.0249
441.823;14.2112;32.974
442.812;14.6134;32.9456
443.795;15.0266;32.9218
444.772;15.4535;32.8988
445.746;15.8922;32.8749
446.712;16.3445;32.8839
447.672;16.8091;32.8745
448.625;17.2859;32.8721
449.572;17.7746;32.8509
450.512;18.2747;32.8818
451.446;18.7847;32.8752
452.375;19.3076;32.8931
453.299;19.8418;32.9326
454.215;20.3868;32.9386
455.125;20.9422;32.9753
456.029;21.5074;32.9748
456.927;22.0822;32.9991
457.82;22.6655;33.021
458.707;23.2591;33.07
459.59;23.8625;33.0671
460.468;24.4744;33.0849
461.338;25.095;33.1255
462.202;25.7245;33.1392
463.06;26.363;33.1279
463.912;27.0106;33.1397
464.757;27.6674;33.163
465.596;28.3338;33.143
466.426;29.0112;33.156
467.249;29.6986;33.1236
468.061;30.3956;33.1089
468.865;31.1025;33.1093
469.659;31.8193;33.0649
470.443;32.5461;33.0545
471.217;33.2829;33.02
471.981;34.0298;32.9809
472.733;34.7868;32.9392
473.474;35.5554;32.8896
474.202;36.3344;32.8342
474.917;37.1232;32.761
475.618;37.9216;32.7055
476.306;38.7294;32.6672
476.981;39.5463;32.5904
477.643;40.3724;32.5502
478.29;41.2073;32.4901
478.924;42.051;32.429
479.544;42.9033;32.3492
480.148;43.7639;32.2891
480.737;44.6345;32.241
481.311;45.5138;32.1529
481.868;46.4001;32.087
482.407;47.2934;32.027
482.931;48.1934;31.9871
483.441;49.1003;31.9126
483.935;50.0135;31.8567
484.414;50.933;31.8013
484.876;51.8593;31.7436
485.321;52.7933;31.6782
485.749;53.7327;31.6323
486.159;54.6759;31.5601
486.552;55.6232;31.5281
486.93;56.5754;31.4801
487.293;57.5321;31.4316
487.64;58.4931;31.3636
487.969;59.4591;31.3105
488.281;60.4296;31.2731
488.576;61.4025;31.1999
488.853;62.3771;31.1725
489.115;63.3546;31.1106
489.361;64.3351;31.066
489.591;65.3181;31.0207
489.806;66.3031;30.9953
490.003;67.2902;30.9318
490.183;68.2792;30.8853
490.346;69.2694;30.8622
490.493;70.2601;30.802
490.624;71.2518;30.7857
490.791;72.7408;30.7092
490.921;74.2307;30.6804
491.015;75.7204;30.6384
491.074;77.2095;30.6021
491.098;78.698;30.5481
491.088;80.1849;30.5588
491.044;81.6702;30.5579
490.971;83.1538;30.573
490.867;84.6361;30.6074
490.738;86.1172;30.6269
490.586;87.598;30.6969
490.415;89.0795;30.8142
490.231;90.5623;30.8693
490.04;92.0477;30.9553
489.913;93.0396;31.0066
489.788;94.0333;31.051
489.666;95.0287;31.0877
489.551;96.0258;31.1174
489.441;97.0246;31.1407
489.339;98.025;31.1576
489.246;99.0269;31.1698
489.162;100.03;31.1778
489.087;101.035;31.2095
489.022;102.04;31.188
488.968;103.047;31.2177
488.924;104.054;31.2228
488.891;105.062;31.2287
488.868;106.071;31.2118
488.856;107.08;31.2214
488.855;108.09;31.2272
488.864;109.1;31.2649
488.885;110.11;31.2795
488.916;111.12;31.2701
488.958;112.13;31.3126
489.01;113.14;31.3318
489.072;114.15;31.3253
489.145;115.16;31.3437
489.228;116.169;31.3867
489.322;117.178;31.3792
489.425;118.187;31.3956
489.54;119.194;31.4344
489.665;120.201;31.4476
489.8;121.207;31.4366
489.946;122.211;31.4691
490.103;123.215;31.4778
490.271;124.217;31.4841
490.45;125.217;31.4888
490.641;126.216;31.4688
490.844;127.212;31.4687
491.058;128.206;31.4677
491.284;129.197;31.4891
491.522;130.187;31.4863
491.774;131.173;31.4814
492.038;132.157;31.4525
492.315;133.136;31.4469
492.604;134.112;31.4686
492.906;135.084;31.4437
493.219;136.052;31.4466
493.544;137.017;31.4797
493.88;137.978;31.4641
494.228;138.935;31.4896
494.585;139.889;31.5301
494.955;140.841;31.5278
495.334;141.791;31.5573
495.722;142.736;31.6218
496.117;143.679;31.6328
496.52;144.619;31.7064
496.928;145.558;31.7523
497.34;146.496;31.799
497.757;147.435;31.8453
498.175;148.373;31.861
498.596;149.314;31.9325
499.016;150.256;31.9718
499.436;151.2;31.9796
499.854;152.145;32.0432
500.27;153.091;32.0486
500.684;154.04;32.1096
501.095;154.99;32.1424
501.505;155.943;32.1477
501.912;156.898;32.2091
502.317;157.854;32.2435
502.721;158.814;32.2508
503.123;159.777;32.285
503.525;160.74;32.3185
503.925;161.703;32.3803
504.326;162.668;32.4138
504.727;163.633;32.4197
505.128;164.599;32.4521
505.532;165.566;32.5105
505.937;166.533;32.5414
506.345;167.5;32.5716
506.755;168.469;32.574
507.169;169.437;32.628
507.585;170.404;32.6289
508.004;171.37;32.6815
508.427;172.335;32.7071
508.853;173.299;32.7314
509.284;174.263;32.7543
509.72;175.225;32.7757
510.161;176.185;32.7715
510.609;177.144;32.7887
511.063;178.101;32.8247
511.524;179.054;32.8118
511.993;180.003;32.8184
512.469;180.949;32.8202
512.954;181.89;32.8367
513.448;182.827;32.8271
513.952;183.758;32.7927
514.465;184.683;32.7917
514.99;185.602;32.7467
515.526;186.514;32.7124
516.073;187.419;32.6729
516.632;188.315;32.629
517.202;189.202;32.599
517.784;190.08;32.5285
518.376;190.95;32.473
518.981;191.81;32.4146
519.597;192.66;32.354
520.225;193.499;32.3116
520.865;194.328;32.2302
521.516;195.146;32.1687
522.179;195.952;32.1299
522.853;196.748;32.0532
523.537;197.531;32.0003
524.233;198.303;31.9519
524.939;199.064;31.9102
525.656;199.812;31.8999
526.382;200.55;31.8477
527.119;201.276;31.8534
527.865;201.991;31.8153
528.62;202.696;31.8396
529.384;203.39;31.8438
530.157;204.073;31.8565
530.937;204.747;31.8768
531.726;205.413;31.9031
532.521;206.07;31.9354
533.324;206.719;31.9728
534.132;207.362;32.013
534.946;208;32.0543
535.764;208.632;32.0972
536.587;209.261;32.1401
537.413;209.888;32.151
538.242;210.512;32.1918
539.073;211.136;32.2617
539.905;211.76;32.2989
540.738;212.385;32.3354
541.572;213.01;32.3711
542.406;213.637;32.4052
543.241;214.266;32.4107
544.075;214.896;32.4453
544.909;215.529;32.5083
545.744;216.163;32.5426
546.578;216.798;32.5777
547.413;217.436;32.6125
548.248;218.074;32.6471
549.084;218.714;32.6545
549.92;219.354;32.69
550.758;219.996;32.7522
551.596;220.637;32.7598
552.436;221.279;32.8222
553.277;221.922;32.856
554.12;222.563;32.8636
554.964;223.204;32.9254
555.811;223.845;32.9589
556.659;224.484;32.9932
557.509;225.123;33.0277
558.363;225.761;33.0355
559.217;226.397;33.0937
560.074;227.032;33.1013
560.935;227.666;33.1608
561.797;228.298;33.1949
562.661;228.928;33.203
563.53;229.556;33.2626
564.4;230.182;33.2964
565.273;230.806;33.3048
566.15;231.428;33.3382
567.03;232.046;33.3699
567.913;232.662;33.4262
568.8;233.273;33.4565
569.692;233.881;33.4845
570.586;234.485;33.488
571.486;235.083;33.5355
572.39;235.676;33.5562
573.299;236.262;33.5532
574.213;236.842;33.5907
575.133;237.415;33.6002
576.056;237.98;33.6092
576.986;238.536;33.6144
577.921;239.085;33.5945
578.861;239.624;33.5908
579.809;240.153;33.5983
580.761;240.672;33.5658
581.719;241.178;33.5667
582.684;241.674;33.5234
583.655;242.156;33.4953
584.631;242.626;33.4811
585.613;243.082;33.4275
586.6;243.526;33.3909
587.593;243.955;33.3511
588.591;244.369;33.3056
589.594;244.77;33.2799
590.602;245.154;33.2178
591.615;245.524;33.1716
592.632;245.879;33.1484
593.653;246.218;33.0876
594.678;246.541;33.0469
595.707;246.849;33.0112
596.739;247.141;32.9808
597.775;247.418;32.9518
598.813;247.679;32.9299
599.856;247.924;32.9341
600.9;248.155;32.9206
601.946;248.369;32.9193
602.996;248.569;32.9211
604.049;248.754;32.9037
605.103;248.925;32.9482
606.159;249.082;32.9745
607.218;249.227;33.0068
608.279;249.358;33.0186
609.342;249.478;33.0653
610.407;249.587;33.1439
611.474;249.686;33.17
612.543;249.775;33.2609
613.614;249.856;33.2927
614.687;249.931;33.3555
615.762;250.001;33.4192
616.84;250.065;33.4825
617.919;250.127;33.5445
619;250.187;33.605
620.083;250.247;33.694
621.168;250.307;33.7184
622.254;250.368;33.7731
623.341;250.431;33.8556
624.431;250.497;33.8786
625.522;250.565;33.9569
626.614;250.638;33.9789
627.708;250.713;34.0282
628.803;250.793;34.0774
629.899;250.876;34.1539
630.998;250.964;34.1774
632.097;251.055;34.2219
633.196;251.149;34.2734
634.297;251.246;34.3512
635.4;251.347;34.4015
636.504;251.451;34.4252
637.61;251.559;34.5029
638.716;251.669;34.5273
639.824;251.782;34.6052
640.934;251.897;34.6299
642.045;252.014;34.707
643.157;252.132;34.7591
644.271;252.252;34.784
645.386;252.373;34.8351
646.503;252.495;34.886
647.622;252.618;34.9366
648.742;252.74;35.0132
649.863;252.863;35.0637
650.986;252.985;35.0882
652.112;253.108;35.1642
653.238;253.23;35.2142
654.367;253.352;35.2384
655.497;253.473;35.3138
656.629;253.594;35.3632
657.762;253.714;35.4127
658.896;253.833;35.4623
660.032;253.952;35.4866
661.171;254.07;35.5619
662.311;254.189;35.6115
663.453;254.306;35.6356
664.596;254.424;35.6851
665.741;254.541;35.7599
666.887;254.658;35.8089
668.035;254.775;35.8583
669.184;254.892;35.9076
670.334;255.01;35.9568
671.487;255.129;36.0053
672.641;255.251;36.0525
673.796;255.375;36.0982
674.953;255.503;36.1428
676.11;255.635;36.162
677.267;255.772;36.2244
678.425;255.914;36.261
679.583;256.062;36.2726
680.742;256.218;36.3016
681.901;256.382;36.3265
683.06;256.556;36.365
684.218;256.74;36.378
685.375;256.935;36.3862
686.53;257.14;36.3705
687.683;257.356;36.372
688.835;257.582;36.3903
689.984;257.82;36.3847
691.132;258.071;36.3748
692.277;258.335;36.3621
693.419;258.613;36.3263
694.558;258.905;36.3116
695.692;259.209;36.3009
696.823;259.525;36.2973
697.95;259.853;36.2991
699.074;260.192;36.322
700.195;260.545;36.3242
701.312;260.912;36.3311
702.424;261.292;36.3421
703.533;261.685;36.353
704.637;262.088;36.3765
705.736;262.503;36.3861
706.833;262.928;36.4219
707.927;263.364;36.4598
709.017;263.811;36.5258
710.104;264.269;36.5441
711.188;264.737;36.6142
712.269;265.213;36.6362
713.347;265.699;36.7114
714.422;266.192;36.7369
715.496;266.693;36.8144
716.568;267.202;36.8653
717.638;267.719;36.9162
718.706;268.242;36.9634
719.772;268.77;37.0128
720.836;269.303;37.0665
721.902;269.843;37.1176
722.966;270.389;37.1677
724.029;270.941;37.2177
725.09;271.499;37.2415
726.149;272.063;37.3113
727.206;272.631;37.3338
728.262;273.203;37.3846
729.318;273.78;37.4347
730.374;274.366;37.5069
731.429;274.96;37.5262
732.479;275.559;37.5906
733.527;276.166;37.6316
734.572;276.777;37.6711
735.613;277.393;37.6906
736.654;278.016;37.7547
737.693;278.647;37.7917
738.73;279.289;37.8236
739.763;279.942;37.8281
740.788;280.603;37.8541
741.808;281.27;37.8966
742.823;281.943;37.9227
743.834;282.625;37.9447
744.841;283.316;37.959
745.843;284.02;37.963
746.84;284.74;37.9412
747.826;285.471;37.9465
748.801;286.211;37.9337
749.767;286.96;37.9211
750.725;287.717;37.8942
751.676;288.484;37.8761
752.62;289.262;37.8559
753.553;290.06;37.8004
754.475;290.873;37.7123
755.378;291.698;37.6366
756.266;292.534;37.5736
757.141;293.379;37.4831
758.003;294.233;37.4135
758.854;295.096;37.328
759.693;295.97;37.2128
760.518;296.864;37.0533
761.323;297.772;36.8691
762.103;298.688;36.7011
762.863;299.614;36.5376
763.605;300.549;36.3565
764.331;301.49;36.1693
765.04;302.438;35.9827
765.731;303.392;35.7956
766.402;304.361;35.5331
767.052;305.34;35.2241
767.674;306.323;34.9615
768.272;307.311;34.718
768.849;308.304;34.4748
769.405;309.302;34.2323
769.942;310.304;33.9978
770.457;311.311;33.64
770.952;312.321;33.5192
771.423;313.336;33.2575
771.869;314.357;32.9841
772.29;315.381;32.7255
772.684;316.403;32.519
773.056;317.426;32.3184
773.407;318.451;32.1214
773.736;319.477;31.9373
774.044;320.503;31.7501
774.33;321.529;31.582
774.595;322.555;31.4089
774.833;323.582;31.2109
775.049;324.61;31.0151
775.24;325.634;30.8417
775.407;326.653;30.7098
775.552;327.669;30.5679
775.677;328.683;30.4428
775.781;329.694;30.325
775.864;330.702;30.2161
775.927;331.706;30.1259
775.97;332.707;30.0312
775.996;334.202;29.8913
775.973;335.689;29.758
775.905;337.163;29.6593
775.793;338.625;29.5807
775.639;340.077;29.519
775.444;341.518;29.4712
775.209;342.947;29.4589
774.934;344.364;29.4431
774.622;345.77;29.4208
774.272;347.165;29.4516
773.887;348.549;29.45
773.47;349.921;29.4894
773.023;351.284;29.5676
772.546;352.638;29.623
772.041;353.984;29.6565
771.51;355.322;29.7219
770.953;356.653;29.7849
770.375;357.976;29.8781
769.774;359.292;29.9148
769.151;360.602;29.9998
768.506;361.903;30.0281
767.839;363.196;30.0914
767.15;364.478;30.1094
766.439;365.75;30.102
765.704;367.009;30.0653
764.947;368.25;29.9778
764.166;369.47;29.8721
763.362;370.668;29.6893
762.534;371.842;29.5194
761.685;372.991;29.3519
760.809;374.113;29.1807
759.909;375.204;28.9512
758.985;376.261;28.6936
758.038;377.284;28.4864
757.07;378.273;28.22
756.082;379.228;27.9742
755.075;380.147;27.7503
754.047;381.028;27.4593
752.999;381.87;27.2075
751.935;382.67;26.96
750.855;383.432;26.7508
749.758;384.153;26.5401
748.576;384.874;26.332
747.699;385.372;26.186
746.787;385.86;26.0367
745.843;386.324;25.8771
744.885;386.764;25.7095
743.913;387.175;25.5783
742.914;387.565;25.4755
741.902;387.929;25.3707
740.88;388.264;25.281
739.848;388.57;25.1868
738.814;388.846;25.13
737.769;389.095;25.1289
736.713;389.315;25.0889
735.64;389.506;25.0955
734.566;389.671;25.1256
733.481;389.811;25.2371
732.383;389.935;25.3224
731.29;390.041;25.4189
730.19;390.138;25.4748
729.089;390.228;25.5686
728.017;390.317;25.6874
726.938;390.41;25.7542
725.854;390.513;25.7742
724.788;390.622;25.8203
723.724;390.742;25.8673
722.682;390.869;25.916
721.637;391.006;26.0038
720.597;391.154;26.0569
719.544;391.315;26.1145
718.488;391.486;26.1376
717.44;391.665;26.2385
716.393;391.852;26.3029
715.345;392.045;26.3636
714.3;392.243;26.3884
713.271;392.442;26.452
712.24;392.645;26.5142
711.212;392.853;26.5754
710.184;393.066;26.6703
709.16;393.284;26.7294
708.108;393.515;26.7874
707.07;393.75;26.8102
706.041;393.99;26.8946
705.029;394.234;26.9117
704.033;394.483;26.9892
703.04;394.741;27.0354
702.04;395.012;27.079
701.072;395.284;27.1222
699.647;395.704;27.1858
698.244;396.139;27.2169
696.879;396.579;27.2799
695.509;397.04;27.3813
694.157;397.512;27.4499
692.825;397.995;27.4908
691.501;398.492;27.5638
690.198;398.995;27.6623
688.919;399.498;27.7355
687.636;400.013;27.8119
686.348;400.54;27.8849
685.055;401.081;27.9555
683.764;401.635;27.9947
682.488;402.195;28.085
681.24;402.757;28.1434
680.001;403.328;28.1995
678.769;403.913;28.2271
677.539;404.519;28.2704
676.313;405.146;28.3275
675.103;405.793;28.3556
673.904;406.46;28.3547
672.715;407.147;28.3764
671.537;407.854;28.418
670.371;408.583;28.4093
669.215;409.342;28.4124
668.075;410.13;28.4018
666.961;410.939;28.4253
665.865;411.772;28.4201
664.787;412.629;28.4121
663.728;413.508;28.4036
662.689;414.412;28.388
661.672;415.347;28.3587
660.681;416.305;28.3252
659.719;417.284;28.2739
658.783;418.285;28.2372
657.872;419.308;28.2017
656.989;420.351;28.0993
656.137;421.412;27.9775
655.318;422.492;27.8286
654.532;423.593;27.7475
653.783;424.714;27.6392
653.068;425.851;27.5509
652.388;427.005;27.476
651.743;428.175;27.3647
651.134;429.359;27.2899
650.562;430.558;27.1801
650.027;431.769;27.0893
649.53;432.992;27.0035
649.071;434.226;26.9191
648.65;435.469;26.8565
648.269;436.72;26.7844
647.926;437.979;26.6961
647.622;439.245;26.6505
647.357;440.515;26.5955
647.131;441.791;26.5244
646.943;443.069;26.4798
646.794;444.35;26.4462
646.682;445.633;26.4195
646.606;446.917;26.4077
646.566;448.202;26.4078
646.561;449.487;26.4183
646.589;450.772;26.4459
646.649;452.056;26.4867
646.739;453.341;26.54
646.856;454.625;26.6411
646.998;455.91;26.6908
647.161;457.195;26.7784
647.343;458.482;26.8732
647.539;459.771;27.0027
647.747;461.062;27.099
647.963;462.357;27.1612
648.184;463.656;27.2528
648.408;464.957;27.3725
648.633;466.262;27.429
648.859;467.572;27.5449
649.085;468.886;27.6001
649.309;470.204;27.7129
649.532;471.527;27.7665
649.752;472.855;27.8741
649.968;474.187;27.9229
650.178;475.524;28.0224
650.382;476.864;28.067
650.576;478.209;28.1344
650.76;479.558;28.1984
650.931;480.914;28.2778
651.087;482.275;28.3126
651.226;483.64;28.385
651.346;485.009;28.4301
651.449;486.381;28.4476
651.534;487.755;28.5149
651.601;489.133;28.5354
651.649;490.515;28.5799
651.676;491.9;28.6512
651.682;493.29;28.6997
651.668;494.681;28.7265
651.636;496.072;28.8058
651.59;497.465;28.8424
651.529;498.86;28.9092
651.453;500.259;28.9749
651.36;501.66;29.0387
651.251;503.065;29.0997
651.125;504.47;29.1765
650.984;505.873;29.2268
650.826;507.276;29.2687
650.65;508.681;29.2972
650.452;510.086;29.3544
650.231;511.49;29.3607
649.984;512.892;29.3784
649.714;514.291;29.3896
649.419;515.682;29.4046
649.1;517.07;29.4319
648.751;518.454;29.4126
648.374;519.83;29.4412
647.969;521.198;29.4481
647.54;522.559;29.444
647.084;523.916;29.4939
646.604;525.266;29.5275
646.099;526.606;29.5465
645.571;527.94;29.6025
645.025;529.268;29.6869
644.464;530.589;29.7629
643.887;531.91;29.8123
643.292;533.233;29.9135
642.686;534.551;29.9594
642.069;535.866;30.0587
641.446;537.179;30.1306
640.816;538.491;30.1776
640.179;539.806;30.2521
639.531;541.124;30.3478
638.872;542.445;30.4092
638.204;543.758;30.4672
637.526;545.066;30.4948
636.834;546.369;30.5639
636.125;547.667;30.5778
635.396;548.957;30.6203
634.642;550.238;30.6206
633.865;551.504;30.6041
633.064;552.751;30.5707
632.239;553.98;30.5065
631.389;555.19;30.4391
630.513;556.378;30.3662
629.612;557.545;30.2646
628.68;558.686;30.1422
627.723;559.796;30.0072
626.741;560.876;29.8964
625.735;561.927;29.7711
624.706;562.948;29.6426
623.649;563.936;29.4815
622.566;564.889;29.32
621.463;565.802;29.2011
620.341;566.68;29.0622
619.2;567.524;28.9624
618.041;568.336;28.8373
616.864;569.112;28.7379
615.666;569.851;28.6326
614.452;570.552;28.5399
613.225;571.213;28.5055
611.985;571.84;28.4655
610.731;572.435;28.4212
609.466;573;28.4454
608.187;573.534;28.432
606.895;574.037;28.4849
605.595;574.512;28.4963
604.288;574.963;28.5826
602.972;575.395;28.6447
601.648;575.813;28.7103
600.319;576.219;28.7759
598.983;576.617;28.8083
597.642;577.012;28.8669
596.299;577.403;28.954
594.955;577.794;29.0075
593.608;578.185;29.0598
592.258;578.575;29.1117
590.906;578.967;29.1633
589.548;579.358;29.1837
588.189;579.747;29.2599
586.828;580.134;29.2771
585.464;580.516;29.3213
584.097;580.893;29.3642
582.725;581.263;29.4329
581.348;581.628;29.4725
579.967;581.984;29.4829
578.583;582.331;29.5194
577.195;582.67;29.5553
575.804;582.999;29.6172
574.408;583.318;29.6256
573.008;583.628;29.6605
571.603;583.928;29.6948
570.195;584.218;29.7556
568.784;584.498;29.7629
567.37;584.768;29.8232
565.952;585.028;29.8303
564.53;585.276;29.8618
563.104;585.513;29.9145
561.674;585.737;29.9376
560.242;585.944;29.9326
558.807;586.136;29.9469
557.37;586.308;29.9774
555.929;586.461;29.9577
554.485;586.592;29.9759
553.039;586.702;29.9448
551.593;586.787;29.958
550.146;586.848;29.9227
548.697;586.885;29.9356
547.248;586.897;29.9012
545.799;586.884;29.9011
544.35;586.847;29.9352
542.903;586.789;29.9599
541.455;586.714;29.9642
540.006;586.624;30.0075
538.555;586.522;30.0871
537.103;586.413;30.1098
535.649;586.302;30.1821
534.194;586.193;30.194
532.738;586.092;30.253
531.279;586;30.2505
529.82;585.922;30.2734
528.357;585.859;30.2833
526.888;585.81;30.3253
525.422;585.776;30.3414
523.956;585.753;30.3376
522.488;585.742;30.3644
521.018;585.743;30.3978
519.546;585.755;30.4654
518.073;585.776;30.4779
516.598;585.805;30.5183
515.122;585.84;30.5581
513.645;585.879;30.5973
512.166;585.921;30.6626
510.684;585.964;30.7006
509.201;586.011;30.7385
507.716;586.059;30.775
506.229;586.109;30.7838
504.739;586.157;30.8159
503.25;586.201;30.8747
501.76;586.244;30.8832
500.269;586.288;30.9461
498.774;586.334;30.9822
497.276;586.38;30.9876
495.78;586.424;31.036
494.28;586.466;31.0856
493.279;586.491;31.0817
492.277;586.514;31.1307
491.274;586.534;31.1526
490.271;586.551;31.1476
489.267;586.566;31.195
488.261;586.576;31.1901
487.255;586.584;31.2059
486.251;586.587;31.2516
485.244;586.586;31.2437
484.237;586.581;31.2864
483.229;586.57;31.3029
482.221;586.555;31.2931
481.212;586.533;31.3322
480.203;586.505;31.3206
479.194;586.471;31.3325
478.183;586.43;31.367
477.174;586.383;31.3787
476.166;586.329;31.3706
475.157;586.268;31.3754
474.147;586.2;31.385
473.137;586.125;31.3952
472.128;586.042;31.4304
471.119;585.952;31.4155
470.111;585.854;31.4269
469.102;585.748;31.4632
468.094;585.636;31.4506
467.088;585.517;31.4948
466.081;585.393;31.5116
465.074;585.262;31.503
464.066;585.126;31.5228
463.059;584.983;31.5705
462.053;584.835;31.5647
461.046;584.682;31.5873
460.04;584.524;31.638
459.033;584.363;31.6358
458.026;584.198;31.6829
457.021;584.03;31.7082
456.014;583.858;31.705
455.007;583.684;31.7558
453.999;583.507;31.7791
452.991;583.327;31.8017
451.983;583.144;31.8242
450.975;582.957;31.8195
449.967;582.767;31.8671
448.959;582.573;31.8878
447.951;582.376;31.9075
446.943;582.174;31.9265
445.936;581.968;31.9189
444.929;581.757;31.9618
443.922;581.54;31.9528
442.916;581.319;31.995
441.911;581.092;31.985
440.906;580.859;32.0007
439.903;580.62;32.0423
438.9;580.376;32.0316
437.897;580.126;32.0728
436.896;579.87;32.0888
435.896;579.608;32.0792
434.896;579.341;32.1229
433.898;579.067;32.1409
432.9;578.789;32.1595
431.904;578.505;32.179
430.909;578.215;32.1995
429.914;577.921;32.2048
428.919;577.622;32.2156
427.925;577.319;32.2377
426.932;577.012;32.2604
425.939;576.701;32.2831
424.947;576.386;32.3328
423.956;576.067;32.3297
422.965;575.745;32.3528
421.974;575.418;32.3753
420.984;575.088;32.4217
419.994;574.753;32.4409
419.006;574.413;32.4348
418.019;574.069;32.4762
417.033;573.718;32.4671
416.048;573.36;32.4998
415.065;572.995;32.5042
414.086;572.622;32.4833
413.111;572.24;32.4988
412.14;571.85;32.4893
411.173;571.45;32.474
410.211;571.041;32.4525
409.253;570.62;32.4067
408.299;570.186;32.338
407.351;569.739;32.3262
406.412;569.279;32.265
405.484;568.807;32.185
404.564;568.323;32.1319
403.653;567.828;32.0431
402.75;567.321;31.9647
401.855;566.802;31.8786
400.97;566.27;31.7776
400.056;565.695;31.6701
399.109;565.074;31.5366
398.166;564.427;31.419
397.247;563.771;31.288
396.338;563.099;31.1693
395.43;562.402;31.0639
394.525;561.682;30.9366
393.625;560.937;30.7965
392.755;560.176;30.6387
391.898;559.395;30.4788
391.057;558.59;30.334
390.226;557.763;30.2296
389.403;556.909;30.0865
388.592;556.034;29.9576
387.787;555.125;29.8298
387.002;554.192;29.6847
386.232;553.226;29.5476
385.503;552.263;29.4311
384.814;551.306;29.255
384.146;550.336;29.2231
383.499;549.353;29.1188
382.886;548.375;28.9999
382.291;547.377;28.9034
381.737;546.388;28.8144
381.216;545.406;28.713
380.73;544.434;28.6316
380.27;543.464;28.5548
379.843;542.517;28.4844
379.441;541.58;28.3946
379.061;540.646;28.2972
378.533;539.248;28.2558
378.053;537.842;28.1567
377.617;536.425;28.0636
377.243;535.065;27.9604
376.907;533.705;27.8892
376.608;532.349;27.8174
376.343;530.979;27.7534
376.122;529.636;27.6962
375.941;528.303;27.6667
375.795;526.972;27.6013
375.683;525.64;27.5688
375.602;524.308;27.5494
375.549;522.974;27.5384
375.525;521.639;27.5374
375.532;520.305;27.5761
375.566;518.97;27.5892
375.626;517.635;27.6103
375.712;516.305;27.6378
375.819;514.975;27.6355
375.947;513.645;27.6706
376.092;512.315;27.7058
376.256;510.985;27.7734
376.436;509.655;27.7796
376.631;508.327;27.8181
376.84;506.999;27.8883
377.063;505.672;27.9283
377.296;504.344;27.9385
377.54;503.016;28.0116
377.792;501.687;28.0228
378.051;500.357;28.0961
378.316;499.027;28.1087
378.586;497.695;28.1514
378.859;496.362;28.2234
379.134;495.028;28.2358
379.41;493.692;28.3062
379.687;492.353;28.3179
379.965;491.013;28.3865
380.244;489.671;28.4264
380.526;488.327;28.4365
380.812;486.983;28.5036
381.101;485.637;28.5413
381.396;484.29;28.5504
381.698;482.943;28.6123
382.008;481.597;28.62
382.328;480.25;28.6797
382.656;478.904;28.6857
382.995;477.559;28.7446
383.345;476.215;28.7501
383.706;474.872;28.8106
384.077;473.53;28.8444
384.459;472.19;28.8534
384.852;470.85;28.9147
385.255;469.513;28.9241
385.671;468.176;28.955
386.096;466.842;28.9908
386.534;465.51;29.033
386.984;464.18;29.0511
387.451;462.854;29.0781
387.932;461.532;29.1018
388.43;460.216;29.1228
388.945;458.904;29.1395
389.478;457.599;29.1589
390.029;456.299;29.197
390.599;455.007;29.2135
391.189;453.722;29.205
391.796;452.446;29.2521
392.423;451.176;29.275
393.066;449.914;29.2804
393.727;448.659;29.3161
394.404;447.41;29.3531
395.096;446.169;29.4224
395.803;444.933;29.4392
396.524;443.704;29.4856
397.259;442.479;29.5315
398.006;441.261;29.5789
398.767;440.046;29.6525
399.539;438.838;29.6747
400.323;437.634;29.7229
401.12;436.436;29.771
401.929;435.243;29.8466
402.753;434.052;29.8931
403.589;432.869;29.9383
404.438;431.694;29.9564
405.299;430.526;30.0254
406.174;429.365;30.0416
407.062;428.212;30.1086
407.964;427.066;30.1456
408.885;425.925;30.1533
409.818;424.796;30.1814
410.762;423.68;30.2357
411.719;422.575;30.239
412.69;421.479;30.2933
413.673;420.393;30.3232
414.671;419.315;30.3526
415.686;418.244;30.3799
416.71;417.186;30.3809
417.743;416.14;30.4392
418.787;415.102;30.4715
419.841;414.073;30.5043
420.904;413.052;30.5112
421.979;412.038;30.5432
423.066;411.028;30.5704
424.159;410.03;30.6191
425.26;409.042;30.6389
426.371;408.064;30.6317
427.49;407.096;30.6696
428.62;406.139;30.6585
429.763;405.191;30.688
430.918;404.255;30.6916
432.079;403.335;30.6948
433.251;402.428;30.6744
434.434;401.534;30.7022
435.627;400.653;30.7095
436.829;399.785;30.6953
438.044;398.928;30.7075
439.268;398.083;30.748
440.497;397.251;30.7672
441.732;396.428;30.7892
442.974;395.611;30.7866
444.219;394.799;30.8123
445.469;393.991;30.8658
446.722;393.184;30.8911
447.977;392.375;30.8868
449.23;391.565;30.9068
450.479;390.75;30.9485
451.724;389.928;30.9358
452.964;389.098;30.969
454.198;388.257;30.9718
455.423;387.403;30.9454
456.639;386.534;30.9595
457.843;385.649;30.9203
459.033;384.749;30.9013
460.209;383.833;30.8793
461.37;382.9;30.878
462.516;381.951;30.851
463.646;380.984;30.8233
464.761;379.998;30.7707
465.858;378.994;30.7538
466.932;377.973;30.6935
467.986;376.934;30.6518
469.02;375.878;30.6097
470.034;374.804;30.5626
471.025;373.712;30.531
471.993;372.599;30.4488
472.934;371.467;30.398
473.845;370.319;30.3295
474.729;369.155;30.238
475.585;367.975;30.1803
476.412;366.777;30.0798
477.212;365.565;30.006
477.985;364.337;29.9465
478.727;363.092;29.8607
479.434;361.835;29.7642
480.11;360.566;29.7207
480.754;359.285;29.6593
481.367;357.99;29.5756
481.948;356.684;29.5423
482.497;355.368;29.4935
483.011;354.038;29.42
483.493;352.698;29.3961
483.944;351.357;29.3438
484.375;350.009;29.3244
484.784;348.654;29.3133
485.171;347.294;29.3094
485.535;345.928;29.3113
485.877;344.554;29.3457
486.199;343.175;29.3496
486.499;341.798;29.3229
486.783;340.418;29.3577
487.052;339.035;29.3393
487.309;337.647;29.3772
487.554;336.254;29.3573
487.784;334.858;29.362
487.998;333.459;29.3898
488.194;332.059;29.3573
488.371;330.659;29.3684
488.531;329.257;29.3474
488.67;327.853;29.3186
488.791;326.445;29.2589
488.889;325.039;29.2058
488.962;323.634;29.1549
489.01;322.229;29.0681
489.03;320.827;28.9846
489.023;319.428;28.8704
488.987;318.036;28.7348
488.922;316.649;28.592
488.828;315.269;28.4689
488.704;313.898;28.3598
488.55;312.532;28.254
488.367;311.175;28.1532
488.153;309.827;28.075
487.909;308.485;28.0173
487.636;307.154;27.9632
487.333;305.833;27.9202
487;304.519;27.8629
486.639;303.217;27.8319
486.248;301.925;27.8285
485.83;300.643;27.8081
485.384;299.371;27.7914
484.91;298.111;27.757
484.41;296.863;27.7592
483.883;295.627;27.7419
483.329;294.404;27.7193
482.749;293.194;27.6935
482.142;292;27.6579
481.508;290.82;27.601
480.847;289.658;27.566
480.16;288.514;27.4908
479.446;287.389;27.4418
478.704;286.285;27.3714
477.938;285.203;27.2824
477.145;284.143;27.219
476.327;283.106;27.1409
475.484;282.094;27.0674
474.616;281.107;26.9776
473.724;280.145;26.9293
472.809;279.209;26.8755
471.87;278.3;26.8219
470.911;277.418;26.7632
469.929;276.563;26.7639
468.927;275.733;26.7287
467.907;274.928;26.7672
466.868;274.146;26.767
465.812;273.385;26.8417
464.741;272.643;26.8725
463.657;271.917;26.9443
462.561;271.205;27.0575
461.454;270.501;27.1091
460.341;269.803;27.2201
459.222;269.109;27.3016
458.098;268.415;27.3482
456.967;267.722;27.4565
455.832;267.03;27.5273
454.692;266.339;27.6019
453.546;265.651;27.6497
452.395;264.968;27.747
451.237;264.291;27.8121
450.068;263.624;27.8754
448.889;262.968;27.9327
447.698;262.326;27.9838
446.495;261.699;28.0298
445.283;261.089;28.0713
444.062;260.494;28.0891
442.833;259.915;28.1614
441.591;259.352;28.2061
440.338;258.809;28.2467
439.071;258.288;28.286
437.792;257.79;28.3181
436.503;257.317;28.3453
435.207;256.868;28.3425
433.904;256.439;28.3627
432.593;256.033;28.3764
431.274;255.652;28.3924
429.942;255.303;28.356
428.6;254.989;28.3122
427.255;254.711;28.2614
425.907;254.469;28.2007
424.556;254.26;28.1364
423.204;254.083;28.0604
421.852;253.938;27.9817
420.498;253.83;27.8927
419.14;253.763;27.7697
417.789;253.74;27.6388
416.444;253.761;27.5419
415.105;253.821;27.4357
413.773;253.919;27.3305
412.448;254.055;27.2188
411.133;254.228;27.1308
409.826;254.443;27.0432
408.526;254.698;26.9458
407.245;254.997;26.8717
405.978;255.334;26.832
404.725;255.709;26.7667
403.486;256.12;26.7291
402.262;256.566;26.7029
401.052;257.043;26.6911
399.856;257.56;26.6867
398.675;258.108;26.683
397.515;258.689;26.7244
396.371;259.301;26.7206
395.242;259.942;26.7735
394.129;260.611;26.8053
393.031;261.307;26.8406
391.948;262.026;26.8534
390.878;262.774;26.9231
389.822;263.546;26.9601
388.785;264.342;26.9982
387.767;265.162;27.0343
386.765;266.006;27.0444
385.781;266.871;27.0787
384.813;267.757;27.1329
383.862;268.663;27.1401
382.928;269.595;27.1592
382.015;270.547;27.1993
381.124;271.518;27.2236
380.253;272.508;27.2523
379.4;273.517;27.2609
378.566;274.541;27.3268
377.748;275.582;27.3762
376.947;276.638;27.4293
376.161;277.713;27.482
375.393;278.803;27.5103
374.643;279.906;27.5925
373.909;281.022;27.6485
373.189;282.15;27.68
372.485;283.291;27.7572
371.795;284.445;27.811
371.119;285.61;27.8418
370.457;286.786;27.893
369.81;287.972;27.9708
369.176;289.168;28.028
368.553;290.373;28.0891
367.94;291.588;28.1287
367.337;292.81;28.1978
366.739;294.039;28.2701
366.146;295.275;28.3686
365.554;296.517;28.4433
364.961;297.761;28.5155
364.367;299.007;28.5596
363.767;300.254;28.6547
363.162;301.502;28.6951
362.551;302.749;28.7885
361.932;303.997;28.8303
361.305;305.247;28.8991
360.669;306.497;28.9947
360.026;307.745;29.0374
359.376;308.993;29.1082
358.721;310.242;29.2072
358.061;311.492;29.2514
357.398;312.743;29.3527
356.731;313.998;29.3995
356.06;315.258;29.4722
355.387;316.519;29.5435
354.713;317.782;29.6153
354.037;319.048;29.6866
353.36;320.316;29.7552
352.682;321.585;29.8264
352.002;322.858;29.9258
351.315;324.136;29.9947
350.622;325.416;30.0603
349.925;326.694;30.098
349.222;327.971;30.1593
348.514;329.248;30.2168
347.802;330.523;30.2779
347.082;331.799;30.3637
346.353;333.076;30.3995
345.613;334.355;30.4573
344.867;335.629;30.5143
344.115;336.901;30.5696
343.358;338.171;30.6258
342.595;339.44;30.7121
341.825;340.711;30.7739
341.047;341.981;30.8351
340.259;343.254;30.8941
339.465;344.525;30.9253
338.668;345.791;31.0012
337.865;347.055;31.0565
337.325;347.897;31.0709
336.781;348.739;31.1277
336.232;349.58;31.1396
335.677;350.418;31.1891
335.116;351.253;31.1963
334.547;352.087;31.232
333.971;352.917;31.2426
333.39;353.741;31.2353
332.803;354.557;31.2497
332.208;355.37;31.2307
331.605;356.176;31.219
330.991;356.974;31.1866
330.368;357.764;31.1407
329.734;358.544;31.0852
329.089;359.314;31.0161
328.435;360.073;30.9325
327.769;360.821;30.8326
326.753;361.918;30.6716
325.715;362.984;30.4747
324.656;364.018;30.2405
323.577;365.019;30.0276
322.48;365.986;29.8062
321.369;366.921;29.6336
320.24;367.827;29.4863
319.088;368.703;29.3379
317.92;369.544;29.2544
316.736;370.348;29.2167
315.539;371.128;29.2415
314.332;371.887;29.3128
313.115;372.634;29.4033
311.894;373.376;29.4972
310.671;374.124;29.5307
309.455;374.888;29.5282
308.257;375.668;29.5
307.075;376.469;29.4135
305.909;377.291;29.3395
304.763;378.136;29.2364
303.639;379;29.0757
302.538;379.888;28.8869
301.458;380.801;28.7034
300.404;381.736;28.6718
299.373;382.694;28.7533
298.358;383.669;28.8202
297.351;384.651;28.994
296.346;385.642;29.1106
295.339;386.636;29.2371
294.322;387.625;29.3078
293.289;388.598;29.3161
292.236;389.551;29.283
291.162;390.478;29.1828
290.069;391.378;29.0487
288.954;392.247;28.8838
287.82;393.082;28.7104
286.667;393.884;28.5157
285.496;394.651;28.3817
284.309;395.382;28.2476
283.105;396.077;28.1097
281.887;396.736;28.0273
280.656;397.358;27.9416
279.413;397.943;27.8657
278.161;398.491;27.7919
276.898;399.004;27.8192
275.623;399.486;27.8868
274.337;399.939;28.012
273.041;400.365;28.0898
271.735;400.77;28.2105
270.42;401.16;28.3642
269.099;401.54;28.4777
267.772;401.918;28.5467
266.442;402.299;28.6699
265.109;402.687;28.752
263.775;403.084;28.7996
262.44;403.49;28.9075
261.104;403.907;28.9858
259.767;404.332;29.0668
258.428;404.766;29.1499
257.088;405.207;29.2346
255.744;405.652;29.3194
254.398;406.1;29.3747
253.048;406.548;29.4572
251.692;406.996;29.5654
250.333;407.441;29.6439
248.968;407.882;29.7208
247.597;408.318;29.7967
246.221;408.749;29.8453
244.84;409.175;29.9472
243.453;409.594;29.9952
242.06;410.008;30.0696
240.662;410.415;30.1696
239.258;410.815;30.2434
237.849;411.209;30.2908
236.434;411.596;30.3904
235.013;411.976;30.4636
233.588;412.35;30.5107
232.156;412.716;30.6094
230.719;413.075;30.6567
229.277;413.427;30.7301
227.83;413.772;30.8292
226.377;414.11;30.9028
224.919;414.442;30.9507
223.456;414.767;31.051
222.478;414.98;31.1006
221.497;415.191;31.1243
220.515;415.4;31.1746
219.531;415.606;31.2251
218.544;415.81;31.2754
217.555;416.012;31.3259
216.564;416.213;31.3766
215.572;416.412;31.4533
214.577;416.61;31.5041
213.581;416.807;31.5289
212.582;417.002;31.5797
211.582;417.197;31.6561
210.58;417.39;31.707
209.577;417.583;31.732
208.571;417.776;31.8084
207.564;417.968;31.8584
206.554;418.159;31.9095
205.544;418.35;31.9599
204.531;418.541;32.0103
203.517;418.73;32.0349
202.5;418.92;32.1106
201.483;419.108;32.1607
200.463;419.296;32.211
199.442;419.483;32.261
198.419;419.669;32.3109
197.394;419.854;32.3607
196.367;420.037;32.4096
195.338;420.22;32.4598
194.307;420.401;32.4837
193.275;420.58;32.5584
192.24;420.758;32.5825
191.204;420.934;32.6308
190.166;421.108;32.6801
189.126;421.28;32.7546
188.084;421.451;32.7781
187.04;421.619;32.8269
185.994;421.786;32.9012
184.946;421.95;32.9502
183.897;422.113;32.9992
182.845;422.273;33.0487
181.791;422.432;33.097
180.736;422.589;33.1463
179.679;422.744;33.1702
178.62;422.897;33.2195
177.559;423.049;33.2941
176.497;423.199;33.3434
175.432;423.347;33.3926
174.366;423.494;33.4166
173.298;423.639;33.4658
172.227;423.783;33.5156
171.156;423.926;33.5896
170.082;424.067;33.6134
169.007;424.207;33.6629
167.93;424.345;33.7121
166.852;424.482;33.7611
165.771;424.618;33.8354
164.689;424.753;33.8844
163.605;424.886;33.9334
162.519;425.017;33.957
161.431;425.147;34.031
160.342;425.276;34.0801
159.251;425.403;34.1291
158.158;425.529;34.178
157.063;425.654;34.2017
155.967;425.777;34.2758
154.869;425.899;34.3248
153.769;426.02;34.3738
152.668;426.14;34.4232
151.564;426.259;34.4716
150.46;426.377;34.4953
149.354;426.495;34.5446
148.246;426.612;34.6191
147.136;426.729;34.643
146.024;426.846;34.692
144.912;426.963;34.7657
143.797;427.081;34.7892
142.682;427.2;34.8624
141.564;427.321;34.8846
140.446;427.444;34.9315
139.327;427.569;35.0023
138.206;427.698;35.047
137.084;427.83;35.0907
135.961;427.967;35.1334
134.838;428.108;35.1747
133.713;428.254;35.1912
132.588;428.405;35.2545
131.462;428.562;35.2693
130.336;428.724;35.3324
129.21;428.892;35.3719
128.083;429.066;35.3872
126.955;429.246;35.428
125.827;429.431;35.4955
124.699;429.621;35.5398
123.569;429.816;35.5605
122.439;430.015;35.6084
121.308;430.217;35.6577
120.176;430.423;35.7081
119.043;430.63;35.7847
117.909;430.838;35.8353
116.772;431.047;35.8599
115.635;431.255;35.9084
114.495;431.461;35.9802
113.353;431.666;36.0254
112.21;431.867;36.0692
111.064;432.065;36.1116
109.917;432.259;36.1288
108.767;432.449;36.1949
107.615;432.635;36.2366
106.461;432.817;36.2787
105.305;432.994;36.2968
104.147;433.167;36.3409
102.987;433.336;36.4112
101.825;433.502;36.4325
100.661;433.664;36.5047
99.4946;433.823;36.5274
98.3267;433.979;36.601
97.1571;434.133;36.6244
95.9856;434.285;36.6731
94.8124;434.436;36.7217
93.6376;434.586;36.7701
92.4612;434.735;36.8183
91.283;434.884;36.8662
90.1034;435.032;36.939
88.9221;435.18;36.9616
87.7393;435.328;37.0089
86.5549;435.475;37.0809
85.3689;435.622;37.128
84.1812;435.767;37.1502
82.9919;435.912;37.1968
81.8008;436.055;37.2675
80.6081;436.196;37.313
79.4136;436.334;37.3578
78.2173;436.47;37.4019
77.0192;436.603;37.4453
75.8194;436.732;37.4639
74.6177;436.858;37.5304
73.4142;436.98;37.5723
72.209;437.097;37.5898
71.0018;437.211;37.6316
69.793;437.32;37.6735
68.5824;437.426;37.7158
67.3701;437.526;37.7583
66.1561;437.623;37.8007
64.9403;437.715;37.8429
63.7228;437.802;37.9088
62.5037;437.884;37.9497
61.2829;437.962;37.9893
60.0604;438.033;38.0268
58.8367;438.099;38.0623
57.6114;438.158;38.0741
56.3847;438.21;38.127
55.1566;438.255;38.1334
53.9269;438.291;38.1775
52.6965;438.319;38.1954
51.4652;438.336;38.2086
50.2329;438.343;38.2159
49.0004;438.339;38.1996
47.768;438.324;38.1965
46.5353;438.296;38.2032
45.3029;438.256;38.1684
44.071;438.202;38.1444
42.8399;438.134;38.1139
41.6101;438.052;38.0972
40.3815;437.956;38.0566
39.155;437.845;38.0135
37.9311;437.719;37.969
36.7093;437.578;37.9202
35.4902;437.422;37.8692
34.2741;437.25;37.7985
33.0613;437.062;37.7654
31.852;436.859;37.6957
30.6464;436.639;37.647
29.445;436.405;37.5998
28.2487;436.155;37.5637
27.0562;435.89;37.5293
25.8681;435.609;37.4975
24.6846;435.314;37.4713
23.5058;435.003;37.4521
22.3318;434.678;37.4392
21.1629;434.338;37.4343
19.9986;433.983;37.4347
18.8392;433.615;37.4452
17.6853;433.234;37.489
16.5351;432.84;37.4886
15.3892;432.434;37.5405
14.2473;432.016;37.5745
13.1092;431.587;37.5913
11.9744;431.148;37.6338
10.8421;430.701;37.6785
9.71257;430.245;37.7415
8.58524;429.784;37.7662
7.45889;429.317;37.8049
6.33317;428.848;37.8495
5.2075;428.376;37.8716
4.08134;427.905;37.8845
2.95422;427.435;37.8844
1.826;426.969;37.8838
0.695828;426.506;37.8719
-0.436147;426.049;37.854
-1.56951;425.597;37.8343
-2.70461;425.151;37.8068
-3.84142;424.712;37.7796
-4.97995;424.279;37.752
-6.11991;423.852;37.7251
-7.26101;423.432;37.6988
-8.40463;423.017;37.6811
-9.5503;422.608;37.6625
-10.6964;422.203;37.6564
-11.8429;421.803;37.652
-12.9899;421.405;37.6494
-14.1371;421.009;37.6319
-15.2832;420.613;37.6132
-16.4274;420.215;37.5687
-17.5698;419.815;37.4892
-18.7103;419.411;37.4532
-19.8461;419.002;37.3836
-20.9764;418.588;37.3074
-22.1016;418.167;37.1917
-23.2212;417.738;37.0998
-24.3349;417.302;36.9989
-25.4423;416.858;36.8844
-26.5446;416.402;36.7995
-27.6388;415.936;36.636
-28.7219;415.459;36.5073
-29.7959;414.972;36.4095
-30.861;414.475;36.272
-31.9168;413.967;36.0945
-32.9628;413.448;35.9822
-33.999;412.919;35.7968
-35.0251;412.378;35.6174
-36.0408;411.822;35.426
-37.0427;411.254;35.2221
-38.0273;410.673;35.0148
-38.9978;410.081;34.8018
-39.9547;409.478;34.6302
-40.8979;408.865;34.3656
-41.8269;408.241;34.1821
-42.7413;407.602;33.8903
-43.6398;406.947;33.6763
-44.5189;406.282;33.4503
-45.3778;405.604;33.2364
-46.2207;404.915;33.0494
-47.0481;404.216;32.7794
-47.8588;403.508;32.5098
-48.6524;402.792;32.2387
-49.4286;402.068;32.0087
-50.1864;401.334;31.6954
-50.9208;400.584;31.3328
-51.6336;399.827;30.9831
-52.3181;399.066;30.6889
-52.9819;398.298;30.4205
-53.627;397.524;30.1321
-54.2529;396.744;29.9058
-55.1552;395.563;29.5384
-56.0085;394.363;29.1176
-56.8059;393.146;28.6565
-57.5427;391.927;28.3017
-58.2321;390.7;28.0093
-58.8763;389.465;27.7313
-59.4747;388.224;27.4773
-60.0281;386.976;27.2499
-60.5274;385.717;26.9839
-60.9787;384.454;26.7298
-61.3776;383.194;26.5713
-61.7359;381.934;26.4028
-62.0546;380.673;26.2665
-62.3344;379.413;26.1482
-62.577;378.153;26.1369
-62.7835;376.888;26.1736
-62.9589;375.618;26.232
-63.1077;374.35;26.3557
-63.2404;373.079;26.4143
-63.3663;371.805;26.5206
-63.4951;370.531;26.5653
-63.6353;369.257;26.5544
-63.7915;367.984;26.5841
-63.9662;366.714;26.5756
-64.1609;365.446;26.5363
-64.3759;364.182;26.5627
-64.6113;362.921;26.5376
-64.8662;361.663;26.5816
-65.1407;360.409;26.6021
-65.4343;359.159;26.5962
-65.7461;357.912;26.621
-66.0758;356.669;26.6737
-66.4226;355.43;26.6977
-66.7868;354.195;26.6915
-67.1682;352.964;26.7113
-67.5683;351.738;26.7546
-67.9862;350.516;26.7468
-68.4242;349.302;26.7548
-68.8814;348.093;26.7915
-69.3587;346.891;26.7749
-69.8567;345.696;26.8091
-70.3744;344.51;26.7977
-70.9142;343.332;26.8297
-71.4732;342.162;26.8159
-72.0539;341.002;26.858
-72.6546;339.851;26.8427
-73.2759;338.711;26.8599
-73.9185;337.581;26.9011
-74.58;336.461;26.8945
-75.2632;335.353;26.9389
-75.9652;334.256;26.9548
-76.6883;333.172;26.9502
-77.4318;332.099;26.9911
-78.1936;331.039;26.9887
-78.9763;329.992;27.0119
-79.7773;328.958;27.059
-80.5965;327.938;27.0647
-81.4349;326.928;27.1279
-82.2905;325.931;27.142
-83.1632;324.946;27.193
-84.0517;323.971;27.282
-84.9545;323.005;27.3479
-85.8697;322.046;27.4189
-86.7952;321.093;27.4622
-87.7291;320.144;27.5688
-88.6692;319.196;27.6441
-89.6138;318.247;27.6872
-90.5614;317.296;27.7895
-91.5105;316.342;27.8297
-92.4608;315.384;27.9292
-93.412;314.423;27.9683
-94.3647;313.459;28.0367
-95.3195;312.492;28.1332
-96.2778;311.523;28.1705
-97.2411;310.556;28.2336
-98.2105;309.591;28.292
-99.1883;308.63;28.3668
-100.176;307.677;28.3865
-101.176;306.733;28.4188
-102.188;305.8;28.4416
-103.214;304.881;28.4575
-104.254;303.976;28.4842
-105.308;303.088;28.4902
-106.377;302.216;28.4771
-107.461;301.361;28.488
-108.559;300.523;28.5299
-109.67;299.701;28.5584
-110.795;298.893;28.5957
-111.932;298.099;28.6426
-113.079;297.318;28.6974
-114.235;296.546;28.7307
-115.399;295.78;28.7949
-116.568;295.018;28.8601
-117.743;294.258;28.9525
-118.92;293.497;29.0152
-120.1;292.733;29.0766
-121.28;291.967;29.1373
-122.462;291.196;29.1698
-123.645;290.422;29.2591
-124.829;289.645;29.3206
-126.016;288.866;29.382
-127.207;288.087;29.4424
-128.401;287.31;29.5005
-129.602;286.536;29.528
-130.808;285.766;29.5999
-132.02;285.002;29.616
-133.238;284.246;29.6516
-134.465;283.499;29.6824
-135.699;282.761;29.7322
-136.94;282.034;29.7394
-138.189;281.316;29.7891
-139.445;280.607;29.7973
-140.708;279.905;29.8285
-141.975;279.212;29.8899
-143.25;278.529;29.9115
-144.531;277.851;29.9603
-145.817;277.177;30.0108
-147.106;276.505;30.0872
-148.398;275.832;30.1391
-149.691;275.157;30.1908
-150.985;274.478;30.2425
-152.28;273.795;30.2687
-153.575;273.108;30.321
-154.87;272.415;30.3744
-156.166;271.718;30.4553
-157.462;271.016;30.5108
-158.759;270.31;30.5401
-160.057;269.6;30.5966
-161.357;268.887;30.6806
-162.658;268.172;30.7108
-163.961;267.454;30.7681
-165.265;266.733;30.8524
-166.572;266.01;30.9093
-167.88;265.284;30.9657
-169.19;264.556;31.0214
-170.064;264.069;31.0583
-170.939;263.58;31.0688
-171.814;263.09;31.105
-172.689;262.598;31.1659
-173.565;262.104;31.2005
-174.441;261.608;31.2345
-175.316;261.11;31.2678
-176.192;260.609;31.3006
-177.067;260.105;31.3327
-177.941;259.599;31.3403
-178.816;259.09;31.3953
-179.689;258.577;31.4255
-180.561;258.061;31.4314
-181.433;257.541;31.4825
-182.302;257.017;31.5096
-183.17;256.488;31.5135
-184.037;255.955;31.5397
-184.902;255.417;31.588
-185.764;254.874;31.5904
-186.624;254.326;31.6366
-187.482;253.773;31.6595
-188.337;253.214;31.6814
-189.188;252.649;31.7022
-190.037;252.077;31.7217
-190.882;251.5;31.7188
-191.723;250.915;31.7591
-192.56;250.325;31.7547
-193.393;249.727;31.7939
-194.223;249.123;31.7888
-195.048;248.512;31.8285
-195.869;247.895;31.8238
-196.685;247.27;31.8425
-197.497;246.639;31.8554
-198.304;246.001;31.8499
-199.105;245.358;31.8265
-199.902;244.71;31.8022
-200.693;244.057;31.7781
-201.479;243.399;31.7945
-202.262;242.735;31.8214
-203.042;242.066;31.8508
-203.818;241.392;31.882
-204.592;240.714;31.8896
-205.363;240.031;31.922
-206.132;239.344;31.9541
-206.898;238.653;31.9855
-207.661;237.957;32.0158
-208.421;237.256;32.0675
-209.178;236.551;32.0725
-209.931;235.841;32.0982
-210.68;235.125;32.1213
-211.425;234.404;32.161
-212.165;233.677;32.1561
-212.899;232.943;32.1656
-213.626;232.202;32.1846
-214.346;231.454;32.1804
-215.059;230.699;32.169
-215.763;229.936;32.1363
-216.457;229.165;32.1256
-217.142;228.386;32.095
-217.817;227.599;32.0602
-218.481;226.804;32.0078
-219.134;226.001;31.9823
-219.776;225.19;31.9428
-220.407;224.371;31.9039
-221.026;223.544;31.8673
-221.633;222.71;31.8346
-222.229;221.868;31.7866
-222.813;221.018;31.765
-223.386;220.162;31.776
-223.948;219.299;31.7745
-224.499;218.429;31.7579
-225.041;217.553;31.8037
-225.574;216.671;31.8344
-226.099;215.784;31.8745
-226.618;214.893;31.8944
-227.131;213.997;31.9465
-227.641;213.098;32.0271
-228.148;212.196;32.0518
-228.656;211.294;32.1233
-229.167;210.391;32.1616
-229.68;209.489;32.1677
-230.199;208.589;32.1911
-230.724;207.692;32.2081
-231.256;206.798;32.2204
-231.794;205.907;32.23
-232.341;205.021;32.2636
-232.894;204.138;32.2737
-233.456;203.26;32.2862
-234.024;202.385;32.2764
-234.6;201.515;32.308
-235.183;200.648;32.3218
-235.773;199.785;32.3794
-236.368;198.925;32.3874
-236.969;198.068;32.4261
-237.576;197.214;32.4675
-238.187;196.361;32.5106
-238.801;195.509;32.5813
-239.418;194.658;32.597
-240.037;193.806;32.6646
-240.655;192.952;32.7027
-241.272;192.096;32.7122
-241.887;191.237;32.744
-242.498;190.375;32.7725
-243.106;189.508;32.8216
-243.708;188.637;32.8195
-244.305;187.762;32.8384
-244.897;186.881;32.8788
-245.482;185.996;32.8694
-246.06;185.106;32.9042
-246.63;184.21;32.8909
-247.193;183.308;32.922
-247.747;182.402;32.9297
-248.294;181.489;32.9368
-248.831;180.572;32.9207
-249.36;179.648;32.9508
-249.881;178.72;32.9351
-250.392;177.786;32.9428
-250.894;176.847;32.9522
-251.387;175.902;32.9625
-251.87;174.953;32.9974
-252.345;173.998;32.9849
-252.81;173.038;33.0025
-253.265;172.074;33.0308
-253.71;171.104;33.0424
-254.147;170.13;33.0536
-254.573;169.152;33.0417
-254.989;168.168;33.0519
-255.396;167.181;33.0615
-255.792;166.188;33.0697
-256.179;165.192;33.0781
-256.555;164.191;33.108
-256.92;163.186;33.1131
-257.275;162.178;33.0944
-257.619;161.165;33.1189
-257.952;160.148;33.0987
-258.273;159.128;33.1218
-258.584;158.104;33.1219
-258.882;157.076;33.1212
-259.169;156.045;33.0976
-259.445;155.011;33.0957
-259.708;153.973;33.1187
-259.96;152.933;33.0949
-260.2;151.89;33.096
-260.428;150.844;33.1233
-260.645;149.795;33.1285
-260.85;148.744;33.1108
-261.044;147.69;33.1475
-261.227;146.634;33.1617
-261.399;145.576;33.1789
-261.56;144.516;33.1991
-261.711;143.454;33.2224
-261.853;142.389;33.2217
-261.985;141.323;33.2513
-262.109;140.255;33.3114
-262.224;139.186;33.346
-262.332;138.114;33.382
-262.434;137.041;33.4187
-262.528;135.967;33.429
-262.617;134.89;33.4944
-262.7;133.813;33.5049
-262.778;132.733;33.5698
-262.852;131.641;33.6075
-262.92;130.559;33.6172
-262.984;129.475;33.6805
-263.044;128.39;33.6891
-263.099;127.304;33.7238
-263.149;126.216;33.7828
-263.194;125.127;33.7884
-263.234;124.037;33.8176
-263.266;122.946;33.844
-263.292;121.854;33.8918
-263.311;120.761;33.9122
-263.322;119.667;33.9066
-263.323;118.572;33.9246
-263.316;117.477;33.9289
-263.298;116.382;33.9333
-263.27;115.286;33.9551
-263.231;114.191;33.9299
-263.18;113.096;33.9432
-263.118;112.001;33.9101
-263.043;110.908;33.894
-262.955;109.815;33.8746
-262.854;108.724;33.8728
-262.74;107.635;33.8287
-262.613;106.548;33.8039
-262.472;105.462;33.7988
-262.317;104.38;33.7726
-262.149;103.299;33.7255
-261.966;102.222;33.6998
-261.77;101.148;33.6749
-261.56;100.077;33.6752
-261.336;99.0092;33.6321
-261.098;97.9452;33.6354
-260.846;96.885;33.5879
-260.58;95.8289;33.5796
-260.301;94.7769;33.5646
-260.008;93.7292;33.5739
-259.702;92.6859;33.5406
-259.382;91.6472;33.5301
-259.049;90.6132;33.5205
-258.703;89.5841;33.5114
-258.343;88.5599;33.5242
-257.971;87.5408;33.494
-257.585;86.5269;33.5096
-257.187;85.5183;33.48
-256.777;84.5151;33.4959
-256.354;83.5174;33.489
-255.918;82.5255;33.4824
-255.47;81.5393;33.4545
-255.01;80.5588;33.4742
-254.538;79.5842;33.4483
-254.055;78.6154;33.4479
-253.56;77.6525;33.4497
-253.053;76.6954;33.4803
-252.536;75.744;33.4901
-252.008;74.7982;33.5044
-251.47;73.8576;33.4955
-250.922;72.9219;33.5493
-250.365;71.9908;33.5805
-249.8;71.0638;33.5873
-249.227;70.1403;33.6294
-248.648;69.2197;33.6763
-248.063;68.3009;33.7264
-247.474;67.3835;33.8078
-246.882;66.4666;33.8283
-246.288;65.5493;33.8765
-245.693;64.631;33.9212
-245.099;63.711;33.9623
-244.505;62.7889;34.0291
-243.912;61.8646;34.0367
-243.321;60.938;34.0723
-242.731;60.0092;34.1085
-242.142;59.0783;34.1737
-241.554;58.1457;34.1851
-240.965;57.2119;34.2248
-240.375;56.2774;34.2887
-239.782;55.3433;34.3167
-239.186;54.4104;34.355
-238.585;53.4796;34.3803
-237.977;52.552;34.3774
-237.362;51.6285;34.4082
-236.739;50.7098;34.3884
-236.107;49.7968;34.4003
-235.466;48.8904;34.3823
-234.815;47.9912;34.3556
-234.153;47.0999;34.3019
-233.482;46.2171;34.2609
-232.799;45.3432;34.2147
-232.106;44.4787;34.1657
-231.403;43.624;34.1349
-230.688;42.7794;34.0631
-229.963;41.9452;34.0128
-229.228;41.1216;33.9649
-228.482;40.309;33.9203
-227.725;39.5074;33.9034
-226.959;38.7169;33.8706
-226.182;37.9375;33.8448
-225.396;37.1692;33.8264
-224.6;36.4119;33.7901
-223.795;35.6656;33.8124
-222.98;34.9298;33.8174
-222.157;34.2046;33.8031
-221.325;33.4894;33.8211
-220.486;32.7839;33.872
-219.638;32.0877;33.9011
-218.783;31.4002;33.9338
-217.92;30.7209;33.9418
-217.051;30.0492;33.9797
-216.176;29.3843;34.0185
-215.295;28.7259;34.0578
-214.409;28.0731;34.0974
-213.518;27.4255;34.1366
-212.622;26.7824;34.2042
-211.722;26.1435;34.2152
-210.818;25.5084;34.2532
-209.91;24.877;34.2903
-208.998;24.2493;34.3537
-208.082;23.6251;34.3897
-207.162;23.0044;34.3975
-206.239;22.3872;34.4587
-205.312;21.774;34.4911
-204.381;21.165;34.5108
-203.445;20.5605;34.5505
-202.506;19.9611;34.5767
-201.561;19.3672;34.5769
-200.612;18.7791;34.6229
-199.659;18.1976;34.618
-198.7;17.623;34.6561
-197.736;17.0561;34.6452
-196.767;16.4973;34.6534
-195.792;15.9472;34.6803
-194.812;15.4061;34.6813
-193.827;14.8746;34.6783
-192.836;14.3532;34.65
-191.839;13.8425;34.6598
-190.837;13.343;34.6239
-189.829;12.8552;34.5944
-188.817;12.3794;34.6023
-187.798;11.9159;34.5576
-186.775;11.465;34.53
-185.747;11.0272;34.5
-184.713;10.6027;34.4874
-183.675;10.1918;34.4338
-182.633;9.79488;34.4184
-181.586;9.41199;34.3628
-180.535;9.04324;34.3285
-179.479;8.68875;34.2952
-178.42;8.34863;34.2633
-177.358;8.02293;34.2561
-176.291;7.71168;34.2071
-175.222;7.41477;34.2077
-174.149;7.13211;34.1668
-173.074;6.86344;34.1796
-171.995;6.60852;34.1488
-170.914;6.36711;34.1495
-169.83;6.13875;34.1574
-168.743;5.92297;34.2003
-167.654;5.71918;34.2239
-166.563;5.5266;34.2545
-165.436;5.33918;34.2628
-164.248;5.15309;34.3082
-163.081;4.98059;34.3568
-161.903;4.81508;34.4085
-160.742;4.65898;34.4607
-159.582;4.50836;34.5124
-158.419;4.36133;34.5626
-157.275;4.21934;34.6097
-156.129;4.07852;34.6844
-154.999;3.93973;34.7269
-153.864;3.79992;34.7664
-152.75;3.66172;34.796
-151.636;3.5223;34.8152
-150.519;3.38133;34.873
-149.402;3.23922;34.8924
-148.285;3.09602;34.9312
-147.166;2.95199;34.9702
-146.047;2.80734;35.0091
-144.926;2.66254;35.0476
-143.803;2.51816;35.0855
-142.68;2.37473;35.1494
-141.555;2.23289;35.1853
-140.428;2.09312;35.2203
-139.301;1.95578;35.228
-138.171;1.82133;35.2875
-137.04;1.69004;35.3197
-135.908;1.56223;35.3254
-134.763;1.43703;35.3828
-133.617;1.31609;35.4132
-132.476;1.2002;35.4329
-131.329;1.08824;35.4741
-130.173;0.980156;35.5057
-128.976;0.873242;35.5365
-127.8;0.773203;35.5412
-126.615;0.677305;35.5728
-125.42;0.585547;35.6318
-124.23;0.498906;35.6645
-123.034;0.416562;35.6703
-121.846;0.339102;35.7035
-120.647;0.265078;35.7374
-119.423;0.193555;35.7906
-118.193;0.12543;35.8355
-116.986;0.0619141;35.872
-115.766;0.000546875;35.8802
-114.57;-0.0571484;35.916
-113.374;-0.112969;35.9795
-112.165;-0.167773;36.0154
-110.96;-0.221211;36.0512
-109.768;-0.273086;36.0862
-108.591;-0.323711;36.0947
-107.399;-0.374687;36.1297
-106.227;-0.424648;36.19
-105.056;-0.474648;36.198
-103.888;-0.524609;36.2579
-102.713;-0.575078;36.2658
-101.543;-0.625508;36.3253
-100.371;-0.67625;36.3588
-99.1992;-0.726992;36.3667
-98.0259;-0.777734;36.4259
-96.8519;-0.828398;36.4337
-95.6519;-0.879922;36.4678
-94.4757;-0.930078;36.5266
-93.2985;-0.979766;36.5597
-92.1202;-1.02895;36.5928
-90.9407;-1.07746;36.6002
-89.7602;-1.12527;36.6586
-88.5786;-1.17227;36.6914
-87.3959;-1.21852;36.7242
-86.2122;-1.26398;36.7315
-85.0273;-1.30871;36.7642
-83.8413;-1.3527;36.7969
-82.6543;-1.39609;36.8551
-81.4662;-1.43891;36.8878
-80.277;-1.48125;36.8951
-79.0867;-1.52324;36.9278
-77.8954;-1.56496;36.9859
-76.7031;-1.60652;37.0185
-75.5097;-1.64812;37.051
-74.3152;-1.68977;37.0835
-73.1197;-1.73152;37.116
-71.9232;-1.77355;37.1483
-70.7256;-1.8159;37.1554
-69.527;-1.85859;37.213
-68.3273;-1.90164;37.2199
-67.1267;-1.94492;37.2522
-65.925;-1.9884;37.3097
-64.7222;-2.03195;37.3166
-63.5184;-2.07559;37.374
-62.3136;-2.11895;37.4061
-61.1077;-2.16207;37.4129
-59.9008;-2.20465;37.4448
-58.6929;-2.24656;37.4766
-57.4838;-2.28758;37.5334
-56.2738;-2.32746;37.5648
-55.0626;-2.36613;37.5961
-53.8504;-2.40332;37.6272
-52.6372;-2.43895;37.6331
-51.4229;-2.47293;37.6891
-50.2075;-2.50508;37.7199
-48.9911;-2.53547;37.7256
-47.7736;-2.56398;37.7565
-46.5552;-2.5907;37.8126
-45.3356;-2.6157;37.8185
-44.1151;-2.63902;37.8749
-42.8935;-2.66074;37.9062
-41.6708;-2.68105;37.9377
-40.4471;-2.7002;37.9693
-39.2225;-2.7182;38.0009
-37.9967;-2.73516;38.0324
-36.77;-2.75102;38.0638
-35.5422;-2.76578;38.0952
-34.3135;-2.77949;38.1264
-33.0837;-2.79211;38.1324
-31.8528;-2.80355;38.1634
-30.621;-2.81367;38.1942
-29.3882;-2.82223;38.2247
-28.1544;-2.82895;38.2548
-26.9196;-2.83363;38.2846
-25.6839;-2.83594;38.3386
-24.4472;-2.83559;38.3427
-23.2095;-2.83238;38.3957
-21.971;-2.82609;38.3991
-20.7315;-2.81652;38.4269
-19.4911;-2.80348;38.4791
-18.2499;-2.78691;38.5067
-17.0078;-2.76672;38.5096
-15.7648;-2.74297;38.5377
-14.521;-2.71574;38.5912
-13.2764;-2.6852;38.6102
-12.0308;-2.65156;38.6504
-10.7844;-2.6152;38.6557
-9.53712;-2.57637;38.7121
-8.2889;-2.53543;38.7184
-7.03974;-2.49289;38.7502
-5.78961;-2.44922;38.7821
-4.53851;-2.40484;38.8139
-3.28644;-2.3602;38.8454
-2.03335;-2.31582;38.8765
