1.015;-3.90625e-05;2.89243
2.01743;-3.90625e-05;2.95922
3.05194;-3.90625e-05;3.16307
4.10663;0;3.75626
5.13205;0.000351562;4.17813
6.18544;0.000820312;4.54904
7.18762;0.00132813;4.9878
8.20139;0.00179687;5.47199
9.21232;0.00222656;5.97836
10.3084;0.00265625;6.41296
11.3798;0.00304687;6.85782
12.4798;0.0034375;6.88579
13.519;0.00386719;7.39736
14.6395;0.00460937;8.01297
15.7004;0.00519531;8.4255
16.8203;0.00585938;8.93101
17.8469;0.00640625;9.25475
18.9157;0.00695312;9.62477
20.0257;0.0075;9.98478
21.1757;0.00832031;10.388
22.1926;0.00902344;10.6303
23.2377;0.00972656;10.9188
24.3103;0.0104297;11.2018
25.4099;0.0111328;11.4749
26.5349;0.0119922;11.7772
27.6843;0.0129687;11.9779
28.8565;0.0139062;12.2496
30.0506;0.0148437;12.4326
31.0622;0.015625;12.6186
32.0885;0.0164453;12.8316
33.128;0.0174219;12.9828
34.1761;0.0183984;13.0028
35.2234;0.019375;12.9876
36.266;0.0203516;12.8703
37.2957;0.0213281;12.6973
38.3158;0.0223047;12.5996
39.3296;0.0232813;12.5492
40.3402;0.0242578;12.5258
41.3507;0.0252344;12.5337
42.3634;0.0262109;12.5833
43.3801;0.0271875;12.6465
44.4026;0.0281641;12.7245
45.4319;0.0291406;12.7993
46.4693;0.0302734;12.9061
47.5092;0.0314453;12.8914
48.548;0.0326172;12.9322
49.6001;0.0337891;13.1449
50.6737;0.0349609;13.41
51.7682;0.0361328;13.6704
52.8834;0.0374609;13.9264
54.0189;0.0388281;14.1782
55.1744;0.0401953;14.4258
56.3497;0.0415625;14.7214
57.5445;0.0430469;14.9608
58.7584;0.0446094;15.1463
59.9912;0.0461719;15.4296
61.2415;0.0477734;15.5597
62.2443;0.0490234;15.5472
63.2463;0.0502734;15.5848
64.2568;0.0516016;15.7895
65.2804;0.0530078;15.9906
66.3169;0.0544141;16.187
67.3658;0.0558203;16.3787
68.4269;0.0572266;16.5659
69.4999;0.05875;16.7489
70.5847;0.0603125;16.8796
71.6808;0.061875;17.0556
72.7882;0.0634375;17.2745
73.9065;0.0650391;17.3968
75.0356;0.0667578;17.5624
76.1752;0.0684766;17.7694
77.3252;0.0701953;17.9285
78.4854;0.0719141;18.085
79.6557;0.07375;18.1966
80.8358;0.075625;18.3911
82.0257;0.0775;18.5409
83.2252;0.079375;18.6888
84.4342;0.08125;18.8307
85.6526;0.0831641;18.9795
86.8802;0.0851953;19.1226
88.1171;0.0872266;19.2642
89.3631;0.0892578;19.4044
90.6181;0.0912891;19.5426
91.883;0.0933594;19.64
93.1555;0.0955469;19.7742
94.4366;0.0977344;19.9442
95.7263;0.0999219;20.0749
97.0243;0.102109;20.2039
98.3305;0.104297;20.3311
99.645;0.106641;20.4568
100.968;0.108984;20.5458
102.298;0.111328;20.7043
103.301;0.113125;20.7955
104.309;0.114961;20.8503
105.32;0.116836;20.9727
106.336;0.118711;21.0603
107.356;0.120586;21.142
108.381;0.122461;21.1984
109.409;0.124336;21.2807
110.442;0.126289;21.3615
111.478;0.128281;21.4399
112.518;0.130273;21.5466
113.561;0.132266;21.5916
114.608;0.134258;21.6642
115.659;0.13625;21.7351
116.713;0.138242;21.8326
117.77;0.140312;21.8724
118.83;0.142422;21.9386
119.894;0.144531;22.0046
120.961;0.146641;22.0709
122.031;0.14875;22.1379
123.104;0.150859;22.2311
124.181;0.153047;22.2961
125.261;0.155273;22.3615
126.343;0.1575;22.4001
127.429;0.159727;22.4916
128.518;0.161992;22.5559
129.611;0.164219;22.5936
130.706;0.166562;22.6839
131.804;0.168906;22.7481
132.906;0.17125;22.786
134.011;0.173594;22.8771
135.118;0.175937;22.9152
136.229;0.178281;23.0075
137.343;0.180703;23.0465
138.461;0.183164;23.1402
139.581;0.185625;23.1794
140.705;0.188086;23.2744
141.832;0.190547;23.303
142.959;0.193008;23.2923
144.086;0.195469;23.2801
145.211;0.19793;23.2634
146.34;0.200508;23.3891
147.473;0.203086;23.4473
148.611;0.205664;23.5765
149.753;0.208242;23.6317
150.9;0.21082;23.7556
152.051;0.213477;23.8082
153.205;0.216172;23.8939
154.364;0.218906;24.0113
155.527;0.221602;24.0937
156.694;0.224336;24.1423
157.865;0.227148;24.2545
159.04;0.229961;24.3014
160.218;0.232773;24.4099
161.4;0.235586;24.486
162.586;0.238398;24.5303
163.775;0.241289;24.6039
164.968;0.244219;24.7046
166.164;0.247148;24.7452
167.364;0.250078;24.8138
168.567;0.253008;24.9105
169.773;0.255937;24.9501
170.982;0.258945;25.0444
172.195;0.261992;25.109
173.411;0.265039;25.1724
174.629;0.268086;25.236
175.851;0.271133;25.2992
177.076;0.274258;25.3611
178.304;0.277422;25.3961
179.535;0.280586;25.4573
180.769;0.28375;25.5192
182.006;0.286914;25.5818
183.245;0.290195;25.6709
184.488;0.293477;25.733
185.734;0.296758;25.7683
186.983;0.300039;25.8301
188.235;0.30332;25.8914
189.49;0.306641;25.9526
190.747;0.310039;26.0403
192.008;0.313437;26.1021
193.272;0.316836;26.1646
194.539;0.320234;26.2272
195.808;0.323633;26.284
197.081;0.327109;26.3534
198.357;0.330625;26.4169
199.636;0.334141;26.4808
200.918;0.337656;26.5176
202.204;0.341172;26.5818
203.492;0.344805;26.646
204.783;0.348437;26.7103
206.078;0.35207;26.7748
207.375;0.355703;26.8671
208.676;0.359414;26.9316
209.98;0.363203;26.9683
211.287;0.366953;27.0329
212.597;0.370703;27.0976
213.911;0.374453;27.1619
215.227;0.37832;27.2261
216.547;0.382187;27.3177
217.869;0.386055;27.3817
219.195;0.389922;27.4452
220.524;0.393789;27.4811
221.855;0.397773;27.5716
223.19;0.401758;27.6348
224.528;0.405742;27.6706
225.869;0.409727;27.7341
227.213;0.41375;27.8247
228.56;0.417852;27.8605
229.91;0.421953;27.9517
231.264;0.426055;28.0156
232.62;0.430156;28.0796
233.979;0.434375;28.1155
235.342;0.438594;28.1789
236.707;0.442813;28.2695
238.076;0.447031;28.3051
239.448;0.451406;28.3683
240.822;0.455742;28.4309
242.2;0.460078;28.4931
243.581;0.464414;28.555
244.965;0.468828;28.6167
246.351;0.473281;28.7055
247.741;0.477734;28.7607
249.134;0.482187;28.8021
250.529;0.486641;28.8851
251.928;0.491172;28.9543
253.33;0.495742;28.9892
254.734;0.500313;29.0784
256.142;0.504883;29.113
257.553;0.509453;29.1749
258.967;0.514141;29.2639
260.383;0.518828;29.3255
261.803;0.523516;29.3868
263.225;0.528203;29.4479
264.651;0.533008;29.5087
266.08;0.537812;29.5423
267.511;0.542617;29.6028
268.945;0.547461;29.69
270.383;0.552383;29.7498
271.823;0.557305;29.7827
273.266;0.562227;29.8427
274.712;0.567148;29.9295
276.161;0.572187;29.9875
277.612;0.577227;30.0418
279.066;0.582266;30.0909
280.523;0.587305;30.1341
281.981;0.592422;30.1719
283.441;0.597578;30.2054
284.903;0.602734;30.2183
286.366;0.607891;30.2616
287.83;0.613047;30.2873
289.296;0.618203;30.3128
290.762;0.623359;30.3401
292.231;0.628555;30.3527
293.7;0.633828;30.3841
295.172;0.639102;30.4175
296.645;0.644375;30.454
298.119;0.649648;30.5138
299.596;0.654922;30.556
301.075;0.660273;30.6005
302.556;0.665664;30.624
304.04;0.671055;30.6946
305.525;0.676445;30.7202
307.014;0.681914;30.7947
308.504;0.687461;30.822
309.997;0.692969;30.8994
311.493;0.698477;30.9532
312.991;0.703867;30.9822
313.992;0.707109;31.0444
314.993;0.710039;31.0555
315.996;0.712578;31.1186
317;0.714648;31.156
318.005;0.716133;31.1936
319.011;0.716836;31.2051
320.019;0.716758;31.2693
321.028;0.715742;31.3073
322.038;0.713594;31.3454
323.049;0.710312;31.3569
324.061;0.705781;31.4137
325.075;0.7;31.4164
326.087;0.692852;31.4054
327.1;0.684375;31.3899
328.112;0.67457;31.3732
329.124;0.663516;31.3574
330.136;0.651172;31.3845
331.149;0.637734;31.4194
332.163;0.623203;31.4806
333.179;0.607734;31.5168
334.196;0.591484;31.553
335.213;0.57457;31.5894
336.232;0.557109;31.6258
337.253;0.539297;31.6622
338.274;0.52125;31.673
339.296;0.503125;31.7352
340.32;0.485039;31.7717
341.345;0.467109;31.7824
342.371;0.449453;31.8446
343.398;0.432148;31.8553
344.427;0.415195;31.8917
345.456;0.398672;31.9539
346.487;0.382578;31.9645
347.519;0.366992;32.0268
348.552;0.351836;32.0632
349.586;0.337148;32.0738
350.622;0.322852;32.1103
351.658;0.308945;32.1467
352.696;0.29543;32.209
353.735;0.282148;32.2455
354.775;0.269141;32.256
355.817;0.256367;32.2924
356.859;0.24375;32.3547
357.903;0.23125;32.3911
358.948;0.218867;32.4275
359.994;0.206523;32.4379
361.041;0.19418;32.4742
362.089;0.181797;32.5105
363.139;0.169453;32.5727
364.19;0.157031;32.5831
365.242;0.14457;32.6193
366.295;0.132031;32.6555
367.349;0.119375;32.6916
368.404;0.106602;32.7536
369.461;0.0935156;32.7897
370.518;0.0799609;32.7998
371.577;0.0657422;32.8614
372.637;0.0506641;32.8714
373.698;0.0345313;32.907
374.761;0.0171484;32.9423
375.824;-0.001875;32.9773
376.889;-0.0227344;33.0375
377.954;-0.0456641;33.0719
379.021;-0.0709766;33.0805
380.088;-0.0989453;33.1141
381.157;-0.129766;33.1728
382.227;-0.163633;33.1805
383.297;-0.200625;33.239
384.369;-0.240781;33.2725
385.441;-0.283828;33.3063
386.515;-0.329609;33.3146
387.59;-0.378008;33.3494
388.665;-0.428594;33.3847
389.742;-0.481055;33.4466
390.819;-0.534883;33.4827
391.898;-0.589375;33.5189
392.978;-0.643984;33.5547
394.06;-0.697852;33.5647
395.142;-0.750195;33.599
396.225;-0.800078;33.6316
397.31;-0.846445;33.6853
398.396;-0.888438;33.7126
399.483;-0.925195;33.7144
400.57;-0.956016;33.7363
401.659;-0.980078;33.7548
402.748;-0.996562;33.7697
403.839;-1.005;33.7816
404.929;-1.00477;33.811
406.02;-0.995;33.7938
407.111;-0.975039;33.8144
408.202;-0.944609;33.8105
409.293;-0.903047;33.8035
410.383;-0.849922;33.7927
411.473;-0.785234;33.7603
412.561;-0.70832;33.7655
413.649;-0.618906;33.7284
414.735;-0.516953;33.7089
415.819;-0.401836;33.6876
416.902;-0.273125;33.6634
417.982;-0.131758;33.6375
419.059;0.0239844;33.6313
420.135;0.192969;33.6009
421.207;0.375898;33.5703
422.276;0.573125;33.5196
423.341;0.784687;33.5031
424.402;1.01059;33.4482
425.459;1.2509;33.4264
426.512;1.50586;33.3859
427.56;1.77547;33.3409
428.603;2.05867;33.2825
429.64;2.35703;33.2523
430.672;2.66973;33.1851
431.698;2.99715;33.1451
432.717;3.33961;33.0755
433.73;3.69668;33.0178
434.735;4.06832;32.9582
435.733;4.45477;32.9095
436.724;4.85598;32.8315
437.706;5.27102;32.7679
438.68;5.70047;32.7158
439.646;6.14445;32.6337
440.603;6.60301;32.5619
441.551;7.07594;32.4906
442.489;7.56328;32.4325
443.417;8.06484;32.348
444.335;8.58023;32.2757
445.242;9.1098;32.1703
446.14;9.65312;32.1347
447.026;10.2102;32.0644
447.901;10.7807;32.0105
448.764;11.3649;31.9421
449.616;11.9623;31.8588
450.455;12.5724;31.7952
451.283;13.1957;31.7325
452.099;13.8317;31.6709
452.903;14.4799;31.6122
453.694;15.1402;31.5775
454.472;15.8134;31.5268
455.238;16.498;31.4579
455.991;17.1943;31.3998
456.73;17.902;31.4045
457.457;18.6205;31.353
458.171;19.3498;31.3538
458.873;20.0894;31.3146
459.563;20.8388;31.3295
460.241;21.5994;31.3007
460.907;22.37;31.3012
461.561;23.1495;31.3098
462.203;23.9377;31.3294
462.834;24.7345;31.3551
463.456;25.5393;31.3862
464.068;26.3518;31.4515
464.671;27.1715;31.4621
465.266;27.9981;31.5359
465.854;28.8318;31.5515
466.436;29.6721;31.597
467.011;30.5175;31.6729
467.58;31.3674;31.7198
468.144;32.2218;31.7355
468.705;33.0803;31.7816
469.262;33.9427;31.827
469.816;34.8086;31.8716
470.367;35.6779;31.9454
470.915;36.5505;31.9894
471.462;37.4271;32.0027
472.007;38.3069;32.0439
472.549;39.1887;32.1132
473.088;40.0733;32.1242
473.625;40.9608;32.1629
474.159;41.8513;32.201
474.691;42.7449;32.238
475.219;43.6417;32.3019
475.744;44.5417;32.3341
476.266;45.4467;32.3655
476.784;46.3548;32.3712
477.299;47.2662;32.4014
477.809;48.1797;32.4601
478.315;49.097;32.4895
478.817;50.0171;32.5176
479.315;50.9406;32.5186
479.807;51.8675;32.5694
480.295;52.7982;32.5679
480.776;53.7326;32.5905
481.253;54.6714;32.6098
481.723;55.6142;32.6251
482.187;56.5597;32.6384
482.644;57.5086;32.671
483.094;58.4611;32.6764
483.536;59.414;32.6645
483.97;60.3772;32.6596
484.393;61.346;32.6755
484.803;62.3187;32.6703
485.2;63.2955;32.6421
485.585;64.2766;32.6494
485.959;65.2611;32.6331
486.321;66.2496;32.6146
486.671;67.2428;32.571
487.009;68.2406;32.5591
487.333;69.2423;32.5052
487.644;70.2471;32.4504
487.94;71.2546;32.4505
488.223;72.265;32.4124
488.493;73.2786;32.3734
488.748;74.2953;32.3129
488.989;75.3145;32.2913
489.215;76.336;32.2299
489.426;77.3594;32.212
489.622;78.3848;32.1552
489.804;79.412;32.1063
489.971;80.4406;32.0922
490.124;81.4707;32.0908
490.262;82.5021;32.0467
490.385;83.5345;32.0317
490.495;84.5679;32.0221
490.59;85.6022;32.0183
490.673;86.6372;32.0219
490.742;87.673;32.0583
490.799;88.7096;32.0463
490.843;89.7468;32.0677
490.877;90.7847;32.1238
490.9;91.8234;32.1567
490.914;92.8629;32.1646
490.919;93.9033;32.206
490.916;94.9448;32.2797
490.908;95.9871;32.2958
490.894;97.0304;32.3432
490.877;98.0753;32.42
490.858;99.1212;32.4354
490.838;100.169;32.5079
490.819;101.217;32.5193
490.801;102.267;32.5857
490.787;103.318;32.6193
490.776;104.37;32.6238
490.77;105.423;32.6539
490.769;106.477;32.681
490.774;107.532;32.7328
490.786;108.588;32.7566
490.803;109.645;32.7536
490.828;110.702;32.8025
490.86;111.76;32.8243
490.899;112.818;32.847
490.946;113.877;32.8697
491;114.936;32.8664
491.062;115.996;32.889
491.132;117.055;32.937
491.21;118.115;32.9343
491.295;119.175;32.9568
491.389;120.235;32.9785
491.492;121.295;33.0083
491.603;122.355;33.0404
491.724;123.414;33.0568
491.853;124.473;33.0715
491.992;125.531;33.0621
492.141;126.588;33.0917
492.3;127.644;33.0768
492.47;128.698;33.101
492.651;129.751;33.079
492.845;130.803;33.0932
493.051;131.852;33.0813
493.27;132.898;33.0449
493.502;133.941;33.0255
493.747;134.98;33.0018
494.005;136.016;32.9753
494.277;137.048;32.9454
494.562;138.075;32.9318
494.861;139.098;32.897
495.175;140.116;32.8399
495.504;141.13;32.7954
495.848;142.137;32.7507
496.207;143.137;32.7138
496.579;144.131;32.6814
496.965;145.118;32.6525
497.364;146.1;32.6281
497.776;147.075;32.6343
498.2;148.045;32.598
498.638;149.008;32.5943
499.089;149.966;32.6234
499.553;150.919;32.6306
500.028;151.864;32.6216
500.514;152.803;32.6506
501.009;153.738;32.6869
501.513;154.669;32.7589
502.024;155.596;32.8048
502.543;156.521;32.8225
503.067;157.444;32.9019
503.595;158.366;32.95
504.128;159.289;32.9941
504.662;160.211;33.0049
505.196;161.134;33.073
505.731;162.057;33.079
506.265;162.982;33.1418
506.797;163.908;33.1454
507.329;164.837;33.194
507.859;165.768;33.2104
508.389;166.701;33.2436
508.918;167.636;33.2763
509.446;168.573;33.337
509.974;169.509;33.342
510.503;170.447;33.3745
511.033;171.384;33.4058
511.565;172.322;33.4626
512.099;173.259;33.491
512.637;174.195;33.491
513.179;175.131;33.5418
513.726;176.065;33.5376
514.278;176.997;33.5569
514.834;177.926;33.5748
515.397;178.852;33.5907
515.965;179.775;33.6126
516.539;180.695;33.6195
517.119;181.612;33.6567
517.706;182.525;33.6687
518.301;183.434;33.6548
518.903;184.34;33.6892
519.511;185.241;33.6744
520.126;186.137;33.7093
520.748;187.028;33.7193
521.377;187.915;33.7048
522.014;188.798;33.7152
522.657;189.676;33.7258
523.307;190.549;33.7375
523.964;191.418;33.7744
524.628;192.282;33.7618
525.299;193.141;33.7755
525.976;193.995;33.8149
526.66;194.845;33.8043
527.35;195.69;33.8201
528.047;196.531;33.8617
528.749;197.367;33.8522
529.458;198.198;33.8681
530.173;199.025;33.9082
530.894;199.846;33.8977
531.621;200.663;33.9119
532.354;201.475;33.9246
533.094;202.282;33.9405
533.84;203.083;33.9677
534.593;203.878;33.9739
535.353;204.667;33.978
536.12;205.45;33.9803
536.894;206.225;33.9572
537.675;206.994;33.9545
538.463;207.755;33.9487
539.259;208.508;33.9612
540.063;209.252;33.9501
540.874;209.988;33.9373
541.693;210.716;33.9224
542.522;211.436;33.8856
543.357;212.145;33.8696
544.199;212.845;33.8523
545.049;213.534;33.8376
545.906;214.214;33.8482
546.77;214.885;33.8372
547.642;215.546;33.8323
548.52;216.197;33.8312
549.406;216.839;33.8342
550.297;217.473;33.8461
551.195;218.097;33.836
552.099;218.715;33.8585
553.009;219.325;33.89
553.923;219.928;33.9569
554.842;220.527;33.9982
555.765;221.122;34.0154
556.691;221.713;34.0928
557.62;222.304;34.1105
558.55;222.894;34.1536
559.48;223.486;34.2169
560.41;224.08;34.2491
561.338;224.678;34.2759
562.263;225.282;34.2724
563.187;225.89;34.2899
564.107;226.505;34.3056
565.023;227.127;34.3456
565.936;227.756;34.341
566.844;228.391;34.3759
567.749;229.033;34.3953
568.65;229.682;34.4174
569.547;230.337;34.4454
570.441;230.999;34.4787
571.333;231.665;34.5155
572.221;232.337;34.5302
573.109;233.012;34.604
573.995;233.691;34.6505
574.882;234.371;34.6709
575.769;235.053;34.7423
576.658;235.734;34.7549
577.55;236.413;34.7932
578.445;237.089;34.8486
579.344;237.762;34.8739
580.247;238.43;34.8726
581.155;239.094;34.8905
582.07;239.752;34.902
582.991;240.402;34.9293
583.918;241.043;34.909
584.852;241.674;34.929
585.794;242.295;34.9027
586.741;242.907;34.8943
587.696;243.507;34.9018
588.658;244.097;34.8654
589.626;244.675;34.8645
590.601;245.24;34.8424
591.583;245.793;34.7963
592.571;246.333;34.7858
593.566;246.86;34.7353
594.567;247.373;34.7154
595.574;247.873;34.6759
596.587;248.358;34.618
597.606;248.828;34.5878
598.63;249.284;34.5398
599.66;249.723;34.4854
600.695;250.149;34.4294
601.734;250.557;34.3581
602.779;250.949;34.2987
603.828;251.325;34.2547
604.881;251.685;34.1796
605.938;252.028;34.1189
606.998;252.354;34.0555
608.062;252.664;34.0102
609.128;252.957;33.933
610.198;253.232;33.8688
611.27;253.49;33.8055
612.344;253.731;33.7443
613.421;253.955;33.6817
614.499;254.161;33.6418
615.578;254.35;33.5874
616.659;254.522;33.5155
617.74;254.676;33.4872
618.823;254.814;33.4449
619.906;254.934;33.3865
620.989;255.037;33.3543
622.073;255.124;33.3549
623.156;255.194;33.3399
624.24;255.248;33.3081
625.324;255.287;33.3392
626.408;255.31;33.3534
627.492;255.318;33.3776
628.576;255.312;33.4136
629.66;255.292;33.4604
630.745;255.259;33.5138
631.829;255.215;33.578
632.914;255.16;33.6515
634.001;255.096;33.6949
635.089;255.025;33.7739
636.178;254.948;33.8534
637.269;254.867;33.9303
638.361;254.785;34.0332
639.456;254.703;34.0662
640.553;254.624;34.1234
641.651;254.548;34.174
642.752;254.478;34.2187
643.854;254.414;34.2874
644.958;254.356;34.3248
646.064;254.305;34.3609
647.171;254.261;34.3691
648.28;254.225;34.4334
649.391;254.197;34.4436
650.503;254.177;34.4835
651.616;254.165;34.5535
652.731;254.16;34.5704
653.848;254.163;34.6447
654.965;254.173;34.6659
656.084;254.189;34.7434
657.204;254.211;34.7952
658.326;254.239;34.8484
659.448;254.271;34.8749
660.573;254.309;34.9294
661.699;254.35;34.9839
662.827;254.395;35.0379
663.956;254.443;35.0915
665.087;254.495;35.1719
666.219;254.549;35.1979
667.353;254.605;35.2774
668.488;254.662;35.3032
669.624;254.722;35.3559
670.763;254.783;35.4086
671.903;254.845;35.4612
673.045;254.91;35.5391
674.189;254.976;35.5642
675.334;255.045;35.615
676.48;255.116;35.69
677.628;255.19;35.7382
678.776;255.267;35.7854
679.926;255.348;35.8309
681.076;255.433;35.8739
682.229;255.524;35.914
683.382;255.623;35.9279
684.536;255.728;35.9819
685.69;255.842;36.0093
686.844;255.965;36.0312
687.998;256.098;36.0472
689.15;256.24;36.0437
690.302;256.392;36.0466
691.453;256.555;36.0474
692.603;256.731;36.0398
693.752;256.92;36.0417
694.898;257.124;36.02
696.041;257.342;35.9756
697.181;257.573;35.9451
698.317;257.818;35.912
699.449;258.076;35.8992
700.578;258.347;35.8498
701.704;258.631;35.8107
702.825;258.932;35.7658
703.942;259.249;35.7355
705.052;259.582;35.6704
706.156;259.931;35.6276
707.254;260.294;35.5878
708.345;260.67;35.5787
709.432;261.059;35.5556
710.513;261.463;35.5297
711.588;261.881;35.4832
712.657;262.316;35.4593
713.719;262.767;35.4389
714.772;263.231;35.4515
715.818;263.708;35.4324
716.858;264.198;35.4753
717.892;264.699;35.4713
718.921;265.213;35.495
719.944;265.741;35.5252
720.961;266.28;35.5892
721.972;266.833;35.6052
722.979;267.395;35.6486
723.978;267.968;35.706
724.974;268.549;35.7944
725.967;269.14;35.8536
726.956;269.741;35.9143
727.941;270.35;35.9765
728.923;270.966;36.0327
729.903;271.587;36.0642
730.882;272.214;36.1563
731.861;272.847;36.1882
732.838;273.484;36.275
733.813;274.128;36.3319
734.787;274.776;36.3866
735.759;275.43;36.4134
736.729;276.087;36.4853
737.697;276.747;36.513
738.664;277.414;36.5648
739.632;278.09;36.6336
740.596;278.774;36.6491
741.554;279.466;36.7059
742.507;280.166;36.7246
743.454;280.872;36.7355
744.396;281.584;36.7783
745.333;282.303;36.7961
746.267;283.034;36.8021
747.195;283.78;36.7754
748.113;284.538;36.7586
749.018;285.306;36.7424
749.913;286.085;36.7217
750.799;286.871;36.7192
751.675;287.665;36.7038
752.545;288.469;36.6647
753.406;289.286;36.6257
754.257;290.121;36.5889
755.092;290.969;36.507
755.909;291.827;36.4597
756.711;292.696;36.4162
757.502;293.572;36.3958
758.28;294.455;36.3507
759.049;295.348;36.3489
759.807;296.253;36.2961
760.551;297.176;36.2369
761.277;298.111;36.1904
761.981;299.053;36.1269
762.669;300.005;36.0907
763.344;300.964;36.0554
764.004;301.931;36.0419
764.651;302.904;36.0182
765.285;303.885;35.9865
765.904;304.883;35.9162
766.505;305.892;35.8439
767.083;306.904;35.7604
767.643;307.924;35.7445
768.186;308.95;35.6705
768.713;309.983;35.5982
769.223;311.021;35.5112
769.717;312.063;35.3974
770.195;313.108;35.2571
770.652;314.162;35.1099
771.091;315.221;34.7751
771.505;316.276;34.591
771.897;317.33;34.3238
772.271;318.383;34.1075
772.624;319.434;33.7859
772.958;320.481;33.3586
773.272;321.526;33.0019
773.567;322.566;32.6202
773.838;323.604;32.1991
774.086;324.639;31.7676
774.312;325.667;31.4104
774.514;326.686;31.0206
774.696;327.701;30.6519
774.857;328.71;30.257
774.998;329.713;29.9153
775.119;330.71;29.5778
775.261;332.194;29.11
775.356;333.662;28.6284
775.402;335.113;28.1262
775.401;336.544;27.6819
775.352;337.953;27.2815
775.256;339.34;26.9215
775.114;340.704;26.5782
774.927;342.044;26.2526
774.696;343.358;25.9358
774.421;344.645;25.6594
774.105;345.905;25.3807
773.747;347.136;25.1464
773.349;348.338;24.9438
772.912;349.51;24.7653
772.436;350.654;24.565
771.924;351.769;24.4842
771.377;352.856;24.3735
770.795;353.914;24.2774
770.181;354.944;24.2249
769.533;355.947;24.187
768.856;356.924;24.1794
768.149;357.875;24.1751
767.417;358.804;24.2481
766.659;359.713;24.3227
765.88;360.606;24.3885
765.084;361.485;24.5284
764.274;362.359;24.6421
763.457;363.23;24.7477
762.637;364.107;24.8126
761.819;364.992;24.9211
761.008;365.886;24.9648
760.205;366.789;25.0627
759.408;367.703;25.1287
758.618;368.629;25.2074
757.835;369.565;25.2582
757.055;370.512;25.344
756.278;371.468;25.4331
755.503;372.429;25.5521
754.726;373.393;25.6111
753.943;374.357;25.6948
753.153;375.319;25.7984
752.351;376.276;25.8667
751.535;377.227;25.9036
750.703;378.17;25.9716
749.854;379.101;26.0219
748.989;380.017;26.0578
748.106;380.917;26.0641
747.203;381.801;26.1038
746.282;382.665;26.1165
745.338;383.51;26.1214
744.372;384.332;26.1127
743.386;385.128;26.0992
742.385;385.897;26.0681
741.365;386.643;26.0534
740.327;387.364;26.0502
739.271;388.058;26.0059
738.198;388.724;26.0005
737.107;389.358;25.975
735.997;389.961;25.9178
734.874;390.533;25.9138
733.594;391.139;25.8986
732.25;391.728;25.857
731.323;392.105;25.8549
730.382;392.464;25.8557
729.427;392.806;25.864
728.449;393.133;25.8771
727.469;393.44;25.895
726.476;393.726;25.9156
725.473;393.996;25.9449
724.459;394.247;25.9619
723.42;394.484;25.9969
722.375;394.703;26.0406
721.325;394.905;26.1257
720.27;395.091;26.1789
719.206;395.261;26.1977
718.137;395.419;26.2605
717.061;395.565;26.3296
715.988;395.699;26.3993
714.919;395.824;26.5105
713.844;395.942;26.5837
712.776;396.054;26.6151
711.698;396.164;26.6884
710.604;396.274;26.8009
709.507;396.385;26.8652
708.424;396.496;26.9322
707.342;396.611;27.0032
706.252;396.732;27.059
705.162;396.862;27.0883
704.095;396.996;27.1794
703.011;397.141;27.2247
701.945;397.293;27.2865
700.885;397.452;27.3018
699.832;397.617;27.3728
698.779;397.792;27.4296
697.732;397.974;27.4789
696.687;398.166;27.4931
695.641;398.371;27.5356
694.612;398.585;27.6042
693.584;398.811;27.6107
692.573;399.048;27.6422
691.568;399.296;27.6838
690.58;399.552;27.7065
689.144;399.945;27.7552
687.741;400.356;27.7831
686.357;400.795;27.7926
685.02;401.257;27.786
683.708;401.749;27.7799
682.448;402.256;27.7638
681.212;402.783;27.7246
679.989;403.338;27.7084
678.778;403.921;27.6795
677.581;404.538;27.6331
676.403;405.193;27.5765
675.25;405.878;27.5503
674.121;406.593;27.4856
673.01;407.333;27.4547
671.919;408.099;27.4312
670.848;408.893;27.4252
669.798;409.719;27.3499
668.773;410.575;27.2489
667.783;411.453;27.1578
666.819;412.353;27.1581
665.877;413.275;27.1782
664.954;414.218;27.1797
664.052;415.181;27.251
663.166;416.169;27.295
662.299;417.176;27.3084
661.455;418.197;27.3867
660.626;419.233;27.4346
659.812;420.282;27.4831
659.013;421.345;27.5287
658.229;422.422;27.5432
657.46;423.515;27.606
656.708;424.622;27.6337
655.978;425.742;27.6291
655.269;426.877;27.6369
654.583;428.025;27.6586
653.922;429.189;27.6484
653.286;430.366;27.6272
652.679;431.558;27.602
652.1;432.763;27.5695
651.551;433.981;27.5114
651.034;435.211;27.4745
650.548;436.453;27.4358
650.094;437.706;27.4204
649.674;438.969;27.3862
649.287;440.242;27.3358
648.933;441.522;27.3122
648.613;442.811;27.2942
648.328;444.106;27.3073
648.074;445.408;27.2824
647.852;446.715;27.316
647.661;448.027;27.335
647.5;449.344;27.363
647.368;450.665;27.401
647.264;451.99;27.4208
647.185;453.319;27.5054
647.13;454.651;27.5414
647.094;455.987;27.6466
647.076;457.326;27.728
647.071;458.67;27.7829
647.076;460.017;27.9012
647.086;461.368;27.987
647.098;462.724;28.0686
647.108;464.083;28.1462
647.114;465.445;28.2201
647.114;466.811;28.2636
647.105;468.18;28.3331
647.088;469.553;28.4294
647.062;470.929;28.4986
647.028;472.309;28.5403
646.987;473.691;28.639
646.939;475.076;28.6849
646.885;476.465;28.7866
646.826;477.857;28.8341
646.763;479.253;28.9091
646.698;480.652;29.0107
646.632;482.054;29.0582
646.565;483.46;29.1321
646.499;484.869;29.2329
646.433;486.283;29.3067
646.367;487.7;29.3538
646.303;489.12;29.454
646.24;490.544;29.5267
646.178;491.97;29.601
646.118;493.401;29.6751
646.057;494.837;29.7224
645.997;496.275;29.7962
645.937;497.718;29.8959
645.878;499.163;29.9679
645.819;500.609;30.0421
645.76;502.06;30.0914
645.7;503.519;30.1913
645.637;504.98;30.2634
645.569;506.443;30.3324
645.496;507.908;30.397
645.415;509.374;30.4367
645.324;510.843;30.5197
645.219;512.316;30.5508
645.095;513.793;30.6134
644.95;515.269;30.6453
644.783;516.742;30.6471
644.598;518.213;30.6858
644.391;519.681;30.6818
644.16;521.149;30.6899
643.9;522.617;30.6901
643.608;524.081;30.7074
643.288;525.535;30.7116
642.945;526.982;30.7067
642.578;528.425;30.739
642.189;529.865;30.7991
641.772;531.3;30.8134
641.478;532.256;30.866
641.172;533.21;30.8907
640.698;534.63;30.9122
640.205;536.043;30.9665
639.694;537.453;31.0201
639.341;538.39;31.0802
638.979;539.326;31.0902
638.607;540.26;31.1443
638.224;541.194;31.1482
637.83;542.124;31.1697
637.43;543.048;31.2155
637.02;543.967;31.2134
636.601;544.883;31.2558
636.173;545.796;31.2489
635.735;546.705;31.2622
635.287;547.61;31.273
634.827;548.511;31.3038
634.356;549.407;31.3085
633.872;550.299;31.3083
633.377;551.183;31.286
632.872;552.06;31.3104
632.357;552.93;31.2888
631.831;553.795;31.29
631.294;554.653;31.2911
630.748;555.505;31.3178
630.191;556.35;31.2969
629.623;557.189;31.2996
629.042;558.021;31.322
628.451;558.847;31.3158
627.85;559.662;31.2894
627.239;560.469;31.2876
626.618;561.268;31.2848
625.987;562.059;31.2803
625.346;562.841;31.2732
624.695;563.616;31.262
624.031;564.38;31.2546
623.355;565.136;31.2062
622.67;565.879;31.1691
621.977;566.609;31.1398
621.274;567.328;31.0884
620.562;568.037;31.023
619.842;568.734;30.9504
619.113;569.419;30.8532
618.004;570.422;30.7035
616.872;571.392;30.5112
615.721;572.326;30.3032
614.554;573.221;30.0922
613.372;574.08;29.8566
612.177;574.904;29.6025
610.968;575.689;29.2444
609.746;576.433;29.0478
608.51;577.134;28.7385
607.265;577.79;28.4699
606.011;578.404;28.2071
604.749;578.975;27.9581
603.479;579.505;27.7227
602.203;579.991;27.4945
600.922;580.434;27.3005
599.634;580.831;27.103
598.345;581.184;26.9276
597.054;581.494;26.803
595.761;581.763;26.705
594.467;581.993;26.6419
593.173;582.185;26.6113
591.877;582.339;26.6079
590.579;582.457;26.6595
589.242;582.544;26.7131
587.852;582.603;26.7782
586.479;582.638;26.8651
585.113;582.657;26.9449
583.753;582.67;27.0051
582.402;582.685;27.0724
581.073;582.708;27.1138
579.761;582.744;27.1166
578.449;582.796;27.1398
577.137;582.864;27.1569
575.826;582.952;27.171
574.515;583.058;27.1852
573.204;583.185;27.2021
571.894;583.333;27.2531
570.584;583.499;27.2821
569.277;583.684;27.3201
567.97;583.884;27.3348
566.663;584.096;27.4179
565.356;584.317;27.4435
564.046;584.544;27.5012
562.733;584.772;27.5565
561.418;584.998;27.6367
560.1;585.219;27.6827
558.779;585.434;27.7254
557.455;585.639;27.7666
556.127;585.835;27.8076
554.795;586.022;27.8214
553.459;586.2;27.8912
552.122;586.37;27.9064
550.781;586.531;27.9519
549.437;586.685;27.9977
548.09;586.831;28.0442
546.739;586.971;28.1195
545.386;587.104;28.1371
544.03;587.232;28.1791
542.673;587.354;28.2547
541.312;587.47;28.2994
539.949;587.58;28.3439
538.582;587.684;28.3589
537.213;587.781;28.4025
535.841;587.871;28.4734
534.467;587.955;28.4868
533.092;588.032;28.5601
531.713;588.102;28.5741
530.332;588.167;28.6471
528.948;588.225;28.6906
527.562;588.276;28.7342
526.173;588.322;28.747
524.783;588.362;28.791
523.391;588.397;28.8647
521.997;588.428;28.9087
520.599;588.454;28.9527
519.2;588.475;28.9963
517.798;588.491;29.0105
516.394;588.502;29.0521
514.988;588.509;29.095
513.582;588.51;29.1674
512.172;588.507;29.21
510.76;588.499;29.2527
509.346;588.485;29.2951
507.93;588.466;29.3083
506.512;588.442;29.3778
505.093;588.413;29.4209
503.672;588.379;29.4633
502.248;588.341;29.4769
500.823;588.298;29.5195
499.395;588.25;29.5912
497.965;588.199;29.6059
496.534;588.144;29.6747
495.102;588.085;29.718
493.667;588.022;29.7317
492.229;587.957;29.7744
490.79;587.887;29.8448
489.35;587.813;29.8572
487.907;587.733;29.9224
486.464;587.646;29.9319
485.02;587.55;29.9959
483.575;587.445;30.0124
482.128;587.329;30.0591
480.681;587.2;30.0597
479.234;587.057;30.1128
477.786;586.898;30.1319
476.342;586.725;30.1212
474.899;586.538;30.0857
473.46;586.334;30.0267
472.026;586.116;29.987
470.595;585.882;30.0102
469.164;585.635;30.0148
467.735;585.376;30.0458
466.307;585.107;30.0865
464.878;584.832;30.1275
463.447;584.551;30.197
462.015;584.267;30.2377
460.582;583.982;30.2768
459.145;583.699;30.2869
457.707;583.42;30.3492
456.268;583.144;30.3578
454.825;582.872;30.4206
453.379;582.605;30.4295
451.93;582.342;30.4664
450.48;582.081;30.5315
449.027;581.822;30.5423
447.573;581.562;30.5801
446.117;581.3;30.6435
444.66;581.035;30.6524
443.202;580.765;30.7129
441.744;580.489;30.7462
440.285;580.206;30.7527
438.827;579.915;30.7853
437.367;579.617;30.8435
435.909;579.31;30.8489
434.45;578.995;30.8813
432.991;578.672;30.94
431.533;578.34;30.9728
430.076;577.999;30.979
428.619;577.649;31.0103
427.162;577.289;31.0644
426.193;577.042;31.0815
425.224;576.79;31.0727
424.256;576.532;31.0865
423.29;576.267;31.1212
422.325;575.995;31.1074
421.362;575.715;31.1123
420.401;575.427;31.133
419.443;575.13;31.1087
418.488;574.823;31.1228
417.537;574.507;31.091
416.588;574.179;31.0916
415.643;573.839;31.0645
414.704;573.488;31.0335
413.771;573.125;30.9805
412.383;572.557;30.9189
411.01;571.962;30.8471
409.651;571.339;30.7654
408.308;570.686;30.6813
406.983;569.998;30.5423
405.684;569.279;30.423
404.411;568.531;30.3102
403.133;567.739;30.1913
402.25;567.165;30.1069
401.367;566.57;30.0358
400.475;565.939;29.9112
399.602;565.292;29.8207
398.732;564.62;29.7004
397.893;563.941;29.6415
397.067;563.245;29.5393
396.233;562.518;29.4789
395.418;561.778;29.405
394.605;561.013;29.3302
393.798;560.217;29.228
393.003;559.396;29.1662
392.24;558.571;29.0659
391.48;557.71;29.0411
390.737;556.831;28.9665
389.996;555.922;28.9212
389.274;555;28.9164
388.576;554.074;28.857
387.898;553.131;28.8283
387.237;552.17;28.8278
386.599;551.199;28.7763
385.992;550.237;28.8011
385.402;549.265;28.7907
384.825;548.28;28.7534
384.264;547.286;28.782
383.729;546.305;28.7463
383.215;545.317;28.7361
382.717;544.324;28.7229
382.235;543.318;28.7148
381.777;542.323;28.7369
381.337;541.332;28.7264
380.915;540.343;28.6884
380.503;539.339;28.6776
380.115;538.354;28.6503
379.75;537.377;28.6368
379.404;536.406;28.6327
379.079;535.441;28.5795
378.632;534.025;28.5187
378.22;532.61;28.4847
377.847;531.214;28.4327
377.511;529.832;28.3716
377.208;528.435;28.3288
376.946;527.061;28.2239
376.721;525.706;28.1891
376.529;524.354;28.1594
376.368;523.002;28.092
376.236;521.648;28.0756
376.135;520.292;28.0122
376.066;518.936;28.0041
376.028;517.581;27.9565
376.021;516.229;27.9669
376.042;514.878;27.927
376.091;513.527;27.9238
376.166;512.178;27.95
376.266;510.83;27.9518
376.392;509.485;27.9308
376.542;508.143;27.9398
376.716;506.803;27.9542
376.912;505.466;28.0005
377.128;504.132;28.0228
377.364;502.799;28.0187
377.616;501.467;28.0501
377.885;500.137;28.1152
378.167;498.809;28.1552
378.461;497.481;28.1972
378.763;496.153;28.2115
379.071;494.825;28.287
379.383;493.495;28.3319
379.695;492.162;28.3744
380.007;490.828;28.3864
380.316;489.491;28.4269
380.622;488.151;28.4658
380.925;486.809;28.5061
381.226;485.464;28.5461
381.527;484.117;28.6158
381.827;482.768;28.6419
382.13;481.417;28.6689
382.438;480.065;28.7336
382.752;478.714;28.7694
383.076;477.362;28.8005
383.411;476.012;28.8266
383.759;474.663;28.8244
384.123;473.318;28.8396
384.505;471.977;28.8728
384.905;470.64;28.8531
385.327;469.31;28.8709
385.771;467.986;28.8322
386.236;466.671;28.8461
386.726;465.365;28.8054
387.239;464.069;28.7807
387.778;462.783;28.7553
388.342;461.509;28.7326
388.931;460.247;28.7381
389.545;458.998;28.6959
390.183;457.762;28.7209
390.844;456.536;28.7265
391.526;455.323;28.7509
392.228;454.119;28.7562
392.948;452.924;28.8365
393.683;451.736;28.8659
394.429;450.552;28.9613
395.183;449.37;29.028
395.941;448.188;29.0632
396.699;447.002;29.1223
397.453;445.811;29.202
398.202;444.614;29.2383
398.944;443.409;29.2955
399.678;442.197;29.3145
400.404;440.977;29.3892
401.122;439.75;29.4149
401.831;438.513;29.4755
402.533;437.27;29.5381
403.235;436.023;29.6014
403.94;434.77;29.6608
404.649;433.519;29.7363
405.364;432.269;29.7718
406.086;431.021;29.8217
406.817;429.775;29.8941
407.559;428.533;29.911
408.315;427.295;29.946
409.09;426.061;29.9909
409.88;424.839;29.9829
410.686;423.632;29.9911
411.51;422.437;30.0102
412.353;421.255;29.979
413.215;420.089;29.9793
414.1;418.938;29.9482
415.014;417.805;29.8807
415.949;416.695;29.8446
416.906;415.612;29.7711
417.883;414.551;29.7168
418.881;413.512;29.6843
419.9;412.497;29.6351
420.94;411.504;29.5898
422.007;410.535;29.5207
423.092;409.594;29.5151
424.193;408.68;29.4819
425.311;407.788;29.494
426.443;406.914;29.523
427.589;406.056;29.5678
428.745;405.21;29.6537
429.913;404.369;29.709
431.085;403.533;29.7295
432.255;402.698;29.8012
433.423;401.857;29.832
434.586;401.008;29.8543
435.743;400.148;29.8435
436.893;399.276;29.8855
438.037;398.391;29.8708
439.171;397.493;29.8852
440.294;396.586;29.9056
441.41;395.668;29.9295
442.52;394.741;29.9856
443.624;393.806;29.9874
444.725;392.864;30.0474
445.825;391.917;30.05
446.924;390.964;30.1059
448.02;390.011;30.104
449.116;389.057;30.1296
450.212;388.101;30.1538
451.306;387.143;30.1774
452.4;386.181;30.2276
453.491;385.215;30.2493
454.58;384.243;30.2411
455.664;383.262;30.2569
456.738;382.275;30.2617
457.804;381.278;30.2665
458.859;380.27;30.2919
459.904;379.251;30.2884
460.937;378.22;30.2582
461.957;377.174;30.2501
462.963;376.114;30.2643
463.953;375.043;30.2308
464.928;373.96;30.2521
465.889;372.864;30.2502
466.837;371.756;30.2521
467.771;370.638;30.2574
468.694;369.507;30.2663
469.605;368.365;30.2465
470.503;367.216;30.2821
471.39;366.061;30.2899
472.269;364.897;30.2727
473.137;363.726;30.2759
473.994;362.547;30.3037
474.84;361.356;30.2753
475.673;360.153;30.2622
476.486;358.947;30.2711
477.281;357.731;30.2272
478.059;356.505;30.2279
478.822;355.267;30.1747
479.567;354.02;30.1663
480.292;352.759;30.1042
480.993;351.483;30.0561
481.666;350.203;30.0344
482.313;348.915;29.9964
482.938;347.619;29.9526
483.542;346.313;29.914
484.127;344.996;29.87
484.687;343.667;29.8182
485.218;342.33;29.7388
485.717;340.99;29.6844
486.19;339.645;29.6506
486.639;338.295;29.5704
487.063;336.937;29.5245
487.461;335.57;29.4454
487.831;334.198;29.3401
488.167;332.823;29.253
488.473;331.446;29.1624
488.747;330.068;29.0906
488.992;328.686;28.99
489.208;327.301;28.8839
489.392;325.915;28.7542
489.542;324.531;28.6495
489.658;323.147;28.5597
489.741;321.766;28.4426
489.789;320.386;28.3424
489.805;319.01;28.263
489.786;317.638;28.1566
489.735;316.27;28.0862
489.65;314.909;28.0056
489.53;313.554;27.9154
489.378;312.204;27.8423
489.192;310.864;27.7771
488.972;309.532;27.7222
488.718;308.208;27.6844
488.432;306.895;27.6366
488.112;305.593;27.5922
487.76;304.3;27.5248
487.376;303.021;27.4791
486.959;301.754;27.4594
486.511;300.499;27.3958
486.032;299.259;27.353
485.522;298.033;27.3079
484.981;296.823;27.2806
484.411;295.63;27.232
483.81;294.454;27.1748
483.182;293.296;27.1024
482.524;292.158;27.0411
481.838;291.039;26.9782
481.125;289.941;26.9302
480.385;288.864;26.8504
479.62;287.809;26.7891
478.828;286.777;26.732
478.012;285.768;26.678
477.173;284.781;26.6338
476.31;283.817;26.6212
475.425;282.874;26.6011
474.519;281.955;26.5708
473.592;281.056;26.5745
472.647;280.178;26.5899
471.682;279.321;26.6384
470.702;278.482;26.642
469.705;277.661;26.6955
468.692;276.855;26.7229
467.666;276.064;26.7685
466.627;275.289;26.8445
465.575;274.526;26.8929
464.511;273.776;26.9156
463.435;273.04;26.9644
462.348;272.316;27.0125
461.25;271.606;27.0601
460.142;270.907;27.1336
459.024;270.221;27.1831
457.893;269.548;27.2058
456.752;268.888;27.2833
455.6;268.242;27.3107
454.437;267.608;27.3883
453.267;266.987;27.4439
452.087;266.378;27.5033
450.898;265.78;27.5623
449.699;265.194;27.6182
448.491;264.623;27.6713
447.275;264.065;27.6974
446.046;263.523;27.7591
444.811;262.996;27.7942
443.567;262.488;27.8201
442.312;262.001;27.8329
441.047;261.537;27.8143
439.774;261.099;27.7707
438.496;260.688;27.7032
437.211;260.302;27.6289
435.923;259.942;27.5764
434.631;259.612;27.5261
433.335;259.309;27.4741
432.03;259.043;27.3953
430.722;258.811;27.3645
429.406;258.614;27.3134
428.087;258.448;27.2771
426.77;258.316;27.2845
425.451;258.212;27.2618
424.129;258.139;27.2865
422.805;258.097;27.2811
421.481;258.086;27.3272
420.151;258.108;27.3518
418.821;258.156;27.3841
417.497;258.23;27.405
416.174;258.326;27.4488
414.85;258.448;27.4887
413.527;258.596;27.5228
412.205;258.772;27.5506
410.883;258.982;27.5747
409.564;259.224;27.5669
408.258;259.495;27.5363
406.96;259.795;27.4983
405.671;260.123;27.4662
404.39;260.483;27.4012
403.122;260.877;27.3186
401.868;261.313;27.2039
400.63;261.787;27.0698
399.417;262.297;26.9595
398.224;262.838;26.8699
397.05;263.41;26.7713
395.895;264.012;26.698
394.759;264.645;26.6241
393.644;265.31;26.5705
392.553;266.016;26.5011
391.487;266.752;26.4513
390.451;267.518;26.4111
389.437;268.31;26.4146
388.443;269.126;26.4432
387.469;269.966;26.5079
386.514;270.829;26.5577
385.576;271.717;26.6193
384.655;272.629;26.6834
383.751;273.556;26.7539
382.862;274.499;26.8019
381.982;275.454;26.9115
381.11;276.422;26.9909
380.244;277.402;27.0776
379.383;278.391;27.1627
378.525;279.39;27.2459
377.668;280.398;27.2979
376.815;281.41;27.3797
375.964;282.427;27.4903
375.113;283.451;27.5698
374.262;284.48;27.6194
373.413;285.515;27.6976
372.565;286.557;27.8024
371.72;287.605;27.8764
370.881;288.661;27.9466
370.048;289.727;28.0129
369.223;290.803;28.0754
368.409;291.891;28.1064
367.607;292.992;28.1595
366.82;294.106;28.2051
366.049;295.236;28.244
365.296;296.381;28.2875
364.563;297.54;28.3357
363.85;298.712;28.3449
363.155;299.898;28.3968
362.48;301.096;28.4552
361.823;302.307;28.5083
361.181;303.53;28.572
360.553;304.766;28.6429
359.937;306.012;28.7208
359.331;307.265;28.7746
358.732;308.525;28.8607
358.135;309.79;28.9743
357.539;311.059;29.0551
356.938;312.33;29.1041
356.331;313.603;29.2076
355.714;314.879;29.2785
355.088;316.153;29.3182
354.453;317.424;29.4161
353.81;318.695;29.4831
353.16;319.964;29.5512
352.503;321.233;29.6249
351.841;322.503;29.6729
351.169;323.777;29.7496
350.491;325.053;29.8237
349.809;326.328;29.8984
349.123;327.604;29.9725
348.437;328.882;30.071
347.749;330.162;30.1455
347.06;331.447;30.1932
346.368;332.736;30.2695
345.672;334.031;30.3434
344.975;335.329;30.4155
344.277;336.627;30.4876
343.579;337.926;30.5564
342.878;339.227;30.6285
342.174;340.532;30.6942
341.464;341.836;30.7055
340.747;343.14;30.6909
340.024;344.441;30.6708
339.295;345.735;30.7336
338.557;347.025;30.7915
337.809;348.31;30.8188
337.047;349.593;30.8641
336.267;350.868;30.9224
335.467;352.135;30.9271
334.919;352.974;30.9354
334.363;353.806;30.9583
333.515;355.041;30.9423
332.648;356.261;30.9614
331.759;357.468;30.9295
330.845;358.657;30.9237
329.907;359.826;30.874
328.942;360.974;30.8535
328.283;361.728;30.8227
327.279;362.839;30.7896
326.253;363.924;30.7637
325.204;364.988;30.7091
324.13;366.026;30.6836
323.033;367.038;30.6954
321.918;368.029;30.6749
320.783;368.999;30.7359
319.627;369.952;30.7452
318.455;370.882;30.8082
317.268;371.794;30.8864
316.069;372.695;30.9713
315.265;373.291;31.0591
314.458;373.884;31.0871
313.648;374.477;31.1718
312.835;375.072;31.1932
312.019;375.669;31.2677
311.202;376.268;31.2803
310.388;376.867;31.3498
309.573;377.468;31.3896
308.759;378.07;31.4018
307.945;378.673;31.4713
307.129;379.277;31.513
306.312;379.881;31.5542
305.492;380.484;31.5687
304.669;381.086;31.606
303.84;381.684;31.6386
303.007;382.277;31.6656
302.169;382.865;31.6855
301.328;383.445;31.7209
300.481;384.017;31.7079
299.628;384.582;31.7269
298.77;385.137;31.7202
297.905;385.684;31.6876
297.033;386.221;31.6877
296.156;386.746;31.6653
295.271;387.261;31.6185
294.381;387.764;31.5873
293.484;388.254;31.5781
292.581;388.733;31.5482
291.672;389.198;31.5168
290.757;389.651;31.4918
289.836;390.091;31.4486
288.909;390.517;31.4308
287.977;390.931;31.4427
287.039;391.331;31.4407
286.096;391.718;31.4463
285.148;392.094;31.433
284.196;392.457;31.4595
283.238;392.81;31.4965
282.276;393.153;31.5718
281.311;393.486;31.6272
280.341;393.812;31.6593
279.367;394.131;31.7522
278.391;394.446;31.79
277.412;394.758;31.8855
276.431;395.069;31.9182
275.449;395.381;31.9735
274.465;395.697;32.0425
273.48;396.019;32.0519
272.499;396.347;32.104
271.522;396.679;32.1374
270.543;397.019;32.1652
269.566;397.367;32.1914
268.59;397.724;32.2185
267.617;398.091;32.22
266.646;398.466;32.2776
265.678;398.85;32.2854
264.711;399.242;32.3522
263.745;399.64;32.3908
262.779;400.044;32.4426
261.814;400.453;32.4659
260.85;400.867;32.5189
259.886;401.283;32.6013
258.921;401.702;32.6283
257.955;402.123;32.6822
256.988;402.544;32.7343
256.019;402.966;32.8119
255.048;403.386;32.8335
254.075;403.806;32.8807
253.1;404.224;32.927
252.122;404.64;32.973
251.141;405.055;33.0452
250.159;405.466;33.0914
249.173;405.876;33.1116
248.186;406.284;33.1588
247.195;406.69;33.2327
246.203;407.095;33.2807
245.209;407.498;33.3289
244.212;407.901;33.351
243.214;408.302;33.4256
242.213;408.704;33.4477
241.211;409.105;33.5216
240.208;409.507;33.5435
239.203;409.909;33.6173
238.197;410.312;33.6645
237.189;410.716;33.6859
236.181;411.121;33.7589
235.171;411.527;33.7801
234.159;411.933;33.853
233.147;412.34;33.9001
232.132;412.748;33.9218
231.116;413.155;33.9684
230.099;413.563;34.0156
229.08;413.97;34.0624
228.059;414.376;34.1087
227.035;414.781;34.1799
226.01;415.185;34.2249
224.982;415.587;34.2695
223.952;415.986;34.3135
222.919;416.383;34.3323
221.884;416.777;34.3997
220.846;417.167;34.4173
219.805;417.554;34.4837
218.762;417.938;34.5248
217.715;418.317;34.5655
216.665;418.692;34.5815
215.613;419.062;34.6459
214.557;419.428;34.6859
213.499;419.788;34.7262
212.437;420.145;34.7416
211.373;420.496;34.8067
210.305;420.842;34.8225
209.234;421.184;34.863
208.161;421.52;34.9039
207.085;421.852;34.9451
206.005;422.178;34.9869
204.923;422.5;35.0293
203.838;422.817;35.0971
202.751;423.13;35.1155
201.661;423.439;35.1848
200.568;423.743;35.2297
199.472;424.044;35.2496
198.374;424.34;35.3207
197.274;424.634;35.3416
196.171;424.924;35.3881
195.066;425.211;35.4605
193.959;425.496;35.4822
192.85;425.778;35.5546
191.739;426.058;35.6018
190.625;426.335;35.6237
189.509;426.611;35.6958
188.392;426.884;35.7427
187.272;427.155;35.7642
186.15;427.425;35.8106
185.026;427.692;35.8566
183.9;427.956;35.9023
182.772;428.218;35.9724
181.642;428.477;35.9925
180.51;428.733;36.0615
179.375;428.986;36.1052
178.238;429.235;36.124
177.099;429.48;36.1671
175.958;429.722;36.2342
174.814;429.96;36.2521
173.668;430.193;36.2943
172.52;430.423;36.3611
171.37;430.648;36.3791
170.217;430.868;36.4469
169.063;431.085;36.4656
167.906;431.298;36.5098
166.747;431.507;36.5795
165.585;431.713;36.5998
164.422;431.915;36.6457
163.257;432.113;36.7168
162.09;432.309;36.7641
160.921;432.503;36.7863
159.75;432.695;36.8587
158.577;432.884;36.9062
157.402;433.072;36.9536
156.226;433.258;36.9758
155.047;433.443;37.0481
153.867;433.627;37.0953
152.686;433.81;37.1167
151.503;433.992;37.1891
150.318;434.173;37.2358
149.132;434.353;37.2575
147.944;434.531;37.3039
146.754;434.709;37.35
145.562;434.884;37.3958
144.368;435.058;37.4658
143.173;435.23;37.5101
141.976;435.399;37.5546
140.778;435.566;37.598
139.577;435.729;37.6166
138.374;435.888;37.6823
137.17;436.044;37.6996
135.963;436.195;37.7635
134.755;436.341;37.8025
133.545;436.483;37.8408
132.333;436.619;37.8784
131.119;436.749;37.9109
129.903;436.874;37.9291
128.685;436.994;37.9656
127.466;437.107;38.0262
126.245;437.214;38.0394
125.022;437.315;38.1004
123.797;437.409;38.1139
122.57;437.498;38.1748
121.343;437.58;38.1895
120.113;437.656;38.2282
118.882;437.726;38.2913
117.649;437.79;38.3312
116.414;437.849;38.3716
115.178;437.901;38.4121
113.941;437.948;38.4286
112.702;437.989;38.4698
111.462;438.024;38.5357
110.22;438.055;38.5775
108.977;438.08;38.6195
107.732;438.1;38.6375
106.486;438.116;38.705
105.238;438.126;38.7483
103.989;438.132;38.7919
102.739;438.134;38.8359
101.487;438.132;38.8802
100.234;438.126;38.9251
98.9793;438.116;38.9704
97.7234;438.103;39.0162
96.4659;438.087;39.0623
95.2071;438.069;39.0835
93.9468;438.048;39.1553
92.685;438.025;39.1769
91.422;438.001;39.2488
90.1574;437.976;39.2705
88.8912;437.95;39.3171
87.6236;437.923;39.3885
86.3545;437.897;39.4346
85.0839;437.87;39.4555
83.8119;437.845;39.526
82.5384;437.819;39.5466
81.2634;437.794;39.6168
79.987;437.77;39.6374
78.709;437.746;39.7075
77.4296;437.722;39.7528
76.1488;437.698;39.7975
74.8665;437.674;39.8173
73.5829;437.648;39.8804
72.2981;437.621;39.9166
71.0121;437.593;39.9478
69.7253;437.562;39.9583
68.4379;437.527;39.9794
67.15;437.489;39.9926
65.862;437.447;40.0023
64.5741;437.401;39.9956
63.2865;437.35;39.984
61.9995;437.293;39.9652
60.7133;437.231;39.9405
59.4281;437.162;39.9187
58.144;437.088;39.9023
56.8607;437.007;39.8811
55.5784;436.92;39.8651
54.297;436.826;39.8438
53.017;436.725;39.8138
51.7393;436.618;39.7531
50.4643;436.504;39.6803
49.1927;436.383;39.5971
47.9248;436.256;39.5107
46.6603;436.122;39.3841
45.3993;435.981;39.2931
44.1421;435.833;39.2407
42.8887;435.678;39.102
41.6393;435.517;39.0025
40.394;435.348;38.9459
39.153;435.172;38.8442
37.9167;434.989;38.7407
36.6847;434.798;38.636
35.4572;434.6;38.4843
34.2345;434.394;38.4205
33.0166;434.18;38.3072
31.8037;433.958;38.1995
30.5953;433.727;38.0956
29.3919;433.489;37.9957
28.1936;433.242;37.8981
26.9999;432.987;37.801
25.811;432.724;37.7063
24.627;432.452;37.6144
23.4477;432.173;37.5262
22.2731;431.885;37.4097
21.103;431.591;37.3423
19.9367;431.288;37.3166
18.7735;430.979;37.2917
17.6129;430.663;37.2749
16.4545;430.34;37.2685
15.2982;430.012;37.2629
14.1458;429.679;37.1724
12.9979;429.344;37.0212
11.8541;429.007;36.972
10.714;428.668;36.8722
9.57734;428.33;36.7732
8.44392;427.992;36.6744
7.31354;427.655;36.5275
6.18588;427.321;36.4772
5.06079;426.989;36.3788
3.93816;426.659;36.2345
2.81813;426.333;36.1848
1.70055;426.009;36.0433
0.58476;425.687;35.951
-0.528588;425.367;35.8606
-1.6388;425.048;35.8164
-2.74606;424.73;35.6848
-3.85022;424.411;35.6418
-4.95101;424.09;35.5555
-6.048;423.767;35.4282
-7.14086;423.441;35.3829
-8.2303;423.109;35.2911
-9.3159;422.772;35.1599
-10.3958;422.427;35.0677
-11.4697;422.075;34.9747
-12.5378;421.715;34.8813
-13.6002;421.346;34.8178
-14.6567;420.968;34.7313
-15.7078;420.581;34.659
-16.7536;420.183;34.6028
-17.7948;419.773;34.5502
-18.8305;419.352;34.4916
-19.8583;418.92;34.3571
-20.8768;418.478;34.2298
-21.8869;418.028;34.1476
-22.889;417.568;34.0341
-23.8832;417.1;33.9321
-24.8693;416.622;33.838
-25.8495;416.134;33.7137
-26.8225;415.636;33.6286
-27.7853;415.128;33.576
-28.7392;414.612;33.5095
-29.6858;414.087;33.4333
-30.6256;413.555;33.3983
-31.5588;413.015;33.3396
-32.4857;412.468;33.3133
-33.4065;411.914;33.2689
-34.3228;411.352;33.245
-35.2358;410.781;33.2045
-36.1425;410.203;33.1743
-37.0404;409.619;33.1487
-37.9317;409.027;33.1269
-38.8172;408.429;33.1024
-39.6969;407.824;33.0799
-40.5705;407.211;33.057
-41.4387;406.589;33.0272
-42.3025;405.956;32.9956
-43.1584;405.315;32.9578
-44.0023;404.666;32.9189
-44.8363;404.008;32.8667
-45.6611;403.342;32.8024
-46.4762;402.666;32.7283
-47.281;401.982;32.6381
-48.0748;401.288;32.5545
-48.8579;400.584;32.4977
-49.6322;399.861;32.4249
-50.3937;399.126;32.3229
-51.1356;398.385;32.2373
-51.8612;397.636;32.1781
-52.5746;396.877;32.0836
-53.2773;396.109;32.0116
-53.9671;395.332;31.9196
-54.6431;394.547;31.809
-55.3043;393.742;31.6894
-55.948;392.927;31.5431
-56.5701;392.11;31.4484
-57.1708;391.287;31.3576
-57.7583;390.454;31.2631
-58.3321;389.615;31.1512
-58.8911;388.77;31.0663
-59.435;387.918;30.9511
-59.9634;387.06;30.8535
-60.4708;386.19;30.7237
-60.9614;385.313;30.5829
-61.6612;383.991;30.4004
-62.318;382.66;30.2058
-62.9348;381.318;30.0565
-63.5134;379.969;29.9115
-64.0549;378.612;29.7504
-64.5565;377.246;29.5753
-65.0183;375.871;29.3719
-65.4347;374.498;29.2623
-65.8136;373.12;29.2219
-66.1576;371.737;29.212
-66.469;370.348;29.2326
-66.7496;368.953;29.2652
-67.0019;367.553;29.3567
-67.2294;366.147;29.4405
-67.4378;364.737;29.492
-67.633;363.323;29.5867
-67.8226;361.905;29.7144
-68.0128;360.484;29.7452
-68.2102;359.06;29.8433
-68.4194;357.636;29.8852
-68.6441;356.212;29.9125
-68.8873;354.79;29.8945
-69.1511;353.37;29.9237
-69.4376;351.955;29.907
-69.7479;350.545;29.854
-70.0841;349.142;29.7995
-70.4457;347.749;29.6938
-70.8351;346.369;29.549
-71.2508;345.002;29.4229
-71.6971;343.649;29.3037
-72.1716;342.309;29.1938
-72.6776;340.985;29.0781
-73.2122;339.676;28.9703
-73.7784;338.385;28.8454
-74.3744;337.113;28.712
-75.0015;335.862;28.5886
-75.6598;334.632;28.4407
-76.3472;333.425;28.3207
-77.067;332.242;28.225
-77.8137;331.082;28.106
-78.5904;329.948;28.041
-79.3943;328.838;27.9379
-80.2243;327.754;27.883
-81.082;326.693;27.8609
-81.9649;325.658;27.8065
-82.8734;324.648;27.8032
-83.8065;323.662;27.8193
-84.7631;322.698;27.8598
-85.7412;321.756;27.96
-86.7387;320.831;28.0469
-87.7528;319.921;28.1101
-88.7801;319.019;28.2542
-89.8165;318.122;28.3214
-90.8574;317.225;28.449
-91.8984;316.321;28.5274
-92.9361;315.409;28.5618
-93.9681;314.486;28.6207
-94.9933;313.551;28.6754
-96.011;312.603;28.7608
-97.0211;311.643;28.8179
-98.024;310.672;28.8799
-99.021;309.69;28.916
-100.014;308.7;28.9866
-101.004;307.703;29.089
-101.994;306.701;29.1601
-102.986;305.696;29.2282
-103.983;304.691;29.264
-104.986;303.688;29.3246
-105.996;302.689;29.3818
-107.014;301.694;29.4634
-108.041;300.704;29.4883
-109.078;299.721;29.5664
-110.125;298.744;29.6163
-111.182;297.775;29.6653
-112.25;296.814;29.7131
-113.328;295.862;29.7589
-114.417;294.919;29.7773
-115.517;293.986;29.8419
-116.63;293.065;29.8794
-117.755;292.156;29.8894
-118.894;291.261;29.9419
-120.045;290.38;29.9687
-121.21;289.515;29.9912
-122.388;288.667;30.0123
-123.58;287.835;30.032
-124.786;287.022;30.0271
-126.006;286.227;30.0468
-127.238;285.45;30.0704
-128.483;284.691;30.1247
-129.739;283.948;30.1595
-131.007;283.222;30.2012
-132.286;282.51;30.25
-133.574;281.81;30.2763
-134.87;281.12;30.3356
-136.173;280.438;30.4264
-137.481;279.76;30.461
-138.793;279.084;30.5502
-140.107;278.405;30.5813
-141.423;277.724;30.6371
-142.739;277.037;30.6907
-144.054;276.343;30.7697
-145.368;275.642;30.8207
-146.681;274.933;30.8719
-147.992;274.217;30.9238
-149.302;273.492;30.9765
-150.611;272.761;31.0036
-151.483;272.27;31.0668
-152.356;271.777;31.1035
-153.228;271.281;31.1404
-154.1;270.783;31.1775
-154.973;270.283;31.2145
-155.847;269.782;31.2249
-156.72;269.28;31.262
-157.595;268.776;31.2989
-158.471;268.272;31.3357
-159.347;267.767;31.3991
-160.225;267.262;31.4356
-161.104;266.756;31.4722
-161.984;266.25;31.4823
-162.865;265.743;31.5451
-163.748;265.237;31.5816
-164.631;264.73;31.618
-165.516;264.223;31.6281
-166.403;263.716;31.6644
-167.29;263.209;31.7272
-168.179;262.702;31.7373
-169.069;262.194;31.7736
-169.96;261.687;31.8363
-170.853;261.179;31.8465
-171.747;260.67;31.8828
-172.641;260.162;31.9454
-173.537;259.653;31.9557
-174.435;259.144;31.992
-175.333;258.634;32.0284
-176.232;258.124;32.0909
-177.132;257.613;32.1272
-178.034;257.101;32.1635
-178.936;256.589;32.1998
-179.839;256.076;32.21
-180.743;255.562;32.2459
-181.647;255.046;32.2815
-182.552;254.528;32.3427
-183.456;254.009;32.3521
-184.361;253.487;32.412
-185.265;252.962;32.4205
-186.169;252.434;32.4788
-187.072;251.902;32.5016
-187.973;251.367;32.5171
-188.874;250.827;32.5709
-189.772;250.282;32.5994
-190.669;249.733;32.6269
-191.563;249.178;32.6532
-192.455;248.618;32.6785
-193.345;248.051;32.7034
-194.231;247.479;32.7034
-195.115;246.901;32.7512
-195.996;246.317;32.7743
-196.873;245.726;32.7729
-197.746;245.128;32.8201
-198.616;244.524;32.8179
-199.483;243.913;32.8631
-200.345;243.295;32.8596
-201.202;242.67;32.8795
-202.055;242.038;32.9202
-202.904;241.398;32.9141
-203.747;240.751;32.9499
-204.585;240.096;32.94
-205.417;239.433;32.9506
-206.243;238.762;32.9806
-207.063;238.083;32.9855
-207.875;237.395;32.9877
-208.681;236.699;32.9674
-209.48;235.994;32.9857
-210.271;235.28;32.9805
-211.053;234.557;32.9727
-211.827;233.825;32.9636
-212.592;233.085;32.9312
-213.349;232.335;32.9184
-214.096;231.576;32.9044
-214.833;230.808;32.9114
-215.561;230.032;32.8981
-216.279;229.247;32.8858
-216.987;228.453;32.8523
-217.685;227.65;32.8435
-218.374;226.839;32.8379
-219.052;226.02;32.8374
-219.721;225.194;32.8678
-220.38;224.359;32.8516
-221.031;223.517;32.8949
-221.673;222.668;32.8902
-222.307;221.813;32.9192
-222.933;220.951;32.9543
-223.554;220.084;32.9948
-224.168;219.211;33.0691
-224.779;218.334;33.0877
-225.386;217.454;33.1371
-225.991;216.57;33.1861
-226.595;215.684;33.2332
-227.199;214.797;33.3057
-227.805;213.909;33.3184
-228.412;213.021;33.3565
-229.022;212.134;33.3924
-229.636;211.247;33.4268
-230.253;210.361;33.4883
-230.873;209.476;33.4949
-231.497;208.592;33.5301
-232.123;207.709;33.5667
-232.753;206.827;33.6046
-233.385;205.944;33.6707
-234.018;205.062;33.71
-234.653;204.179;33.7492
-235.288;203.294;33.7877
-235.923;202.408;33.8249
-236.556;201.52;33.8602
-237.188;200.629;33.8678
-237.818;199.735;33.8992
-238.444;198.837;33.9539
-239.067;197.936;33.9816
-239.687;197.032;34.0077
-240.301;196.123;34.0324
-240.911;195.21;34.0555
-241.516;194.292;34.0534
-242.115;193.37;34.0989
-242.709;192.443;34.1185
-243.296;191.512;34.1373
-243.876;190.575;34.1394
-244.45;189.634;34.1479
-245.017;188.688;34.1631
-245.576;187.737;34.1984
-246.128;186.781;34.1874
-246.671;185.819;34.2183
-247.205;184.852;34.2037
-247.731;183.881;34.2321
-248.248;182.904;34.214
-248.756;181.922;34.2163
-249.253;180.934;34.2393
-249.741;179.942;34.2178
-250.219;178.944;34.2391
-250.686;177.942;34.2157
-251.143;176.934;34.2138
-251.589;175.922;34.2346
-252.025;174.905;34.2103
-252.449;173.883;34.21
-252.863;172.857;34.2111
-253.266;171.826;34.2139
-253.658;170.791;34.2183
-254.039;169.752;34.2502
-254.41;168.709;34.2356
-254.77;167.662;34.2716
-255.12;166.611;34.285
-255.46;165.556;34.301
-255.789;164.497;34.2935
-256.109;163.436;34.3388
-256.42;162.371;34.36
-256.721;161.302;34.3822
-257.013;160.231;34.3807
-257.296;159.157;34.4051
-257.571;158.079;34.4543
-257.837;156.999;34.4784
-258.094;155.916;34.4775
-258.343;154.831;34.5265
-258.584;153.743;34.5504
-258.817;152.652;34.5737
-259.042;151.559;34.5711
-259.258;150.464;34.5929
-259.466;149.366;34.6397
-259.666;148.266;34.6611
-259.858;147.164;34.6821
-260.041;146.059;34.6779
-260.216;144.953;34.6983
-260.382;143.844;34.7438
-260.54;142.734;34.7645
-260.689;141.622;34.7595
-260.83;140.508;34.7801
-260.962;139.392;34.801
-261.086;138.275;34.8487
-261.202;137.155;34.8461
-261.31;136.035;34.8698
-261.409;134.913;34.9194
-261.501;133.789;34.9437
-261.584;132.664;34.9688
-261.66;131.538;34.9942
-261.728;130.411;34.9942
-261.788;129.282;35.0459
-261.841;128.152;35.0463
-261.886;127.021;35.0977
-261.924;125.889;35.124
-261.954;124.756;35.1498
-261.978;123.621;35.1502
-261.993;122.486;35.1748
-262.001;121.351;35.222
-262.001;120.214;35.2446
-261.993;119.077;35.2414
-261.977;117.939;35.286
-261.953;116.8;35.3048
-261.92;115.661;35.2981
-261.879;114.522;35.3136
-261.828;113.383;35.3513
-261.768;112.243;35.3407
-261.698;111.104;35.3507
-261.619;109.965;35.358
-261.529;108.826;35.3626
-261.428;107.688;35.3645
-261.316;106.551;35.3871
-261.193;105.415;35.3841
-261.058;104.28;35.3568
-260.912;103.147;35.3684
-260.753;102.015;35.3554
-260.581;100.886;35.3404
-260.397;99.7586;35.3023
-260.2;98.6339;35.301
-259.989;97.5121;35.2768
-259.765;96.3934;35.2497
-259.528;95.2781;35.2198
-259.277;94.1665;35.1682
-259.011;93.0589;35.1348
-258.732;91.9555;35.0996
-258.439;90.8567;35.063
-258.132;89.7626;35.0253
-257.81;88.6736;34.9869
-257.474;87.5898;34.9704
-257.124;86.5115;34.9343
-256.76;85.4389;34.8998
-256.382;84.372;34.8673
-255.991;83.3112;34.8377
-255.585;82.2564;34.8127
-255.166;81.2078;34.7923
-254.734;80.1653;34.7773
-254.288;79.1289;34.7685
-253.83;78.0985;34.7398
-253.36;77.0741;34.7704
-252.877;76.0555;34.7824
-252.383;75.0424;34.8011
-251.878;74.0346;34.826
-251.363;73.0318;34.8279
-250.838;72.0338;34.8908
-250.303;71.0401;34.9002
-249.76;70.0501;34.9711
-249.208;69.0635;35.0144
-248.65;68.0798;35.0586
-248.086;67.0984;35.1025
-247.516;66.1191;35.1455
-246.941;65.1413;35.1592
-246.361;64.1649;35.2288
-245.778;63.1895;35.2686
-245.19;62.2151;35.3073
-244.599;61.2416;35.3175
-244.004;60.269;35.3823
-243.405;59.2974;35.3909
-242.802;58.327;35.4525
-242.194;57.3581;35.4587
-241.582;56.3911;35.5148
-240.964;55.4265;35.5168
-240.34;54.4646;35.5661
-239.71;53.5059;35.5632
-239.072;52.551;35.6031
-238.428;51.6004;35.615
-237.775;50.6546;35.6005
-237.114;49.7143;35.6034
-236.444;48.7798;35.6239
-235.765;47.8515;35.5964
-235.076;46.93;35.6081
-234.378;46.0157;35.5934
-233.671;45.1093;35.5537
-232.953;44.211;35.5511
-232.225;43.3215;35.5236
-231.488;42.4411;35.4742
-230.739;41.5701;35.4603
-229.981;40.7089;35.424
-229.212;39.858;35.3663
-228.433;39.0176;35.3443
-227.644;38.1882;35.2825
-226.845;37.37;35.2576
-226.035;36.5632;35.2127
-225.216;35.7682;35.1473
-224.387;34.9852;35.1213
-223.547;34.2144;35.0756
-222.699;33.4561;35.0103
-221.841;32.7103;34.9872
-220.973;31.9773;34.9457
-220.097;31.2571;34.8856
-219.211;30.5498;34.8697
-218.317;29.8556;34.8362
-217.414;29.1743;34.7841
-216.502;28.506;34.759
-215.583;27.8505;34.7621
-214.656;27.2079;34.7225
-213.72;26.5779;34.7123
-212.778;25.9603;34.7338
-211.828;25.3549;34.7097
-210.87;24.7613;34.7453
-209.906;24.1791;34.7605
-208.936;23.6079;34.7811
-207.959;23.0473;34.8064
-206.976;22.4969;34.8365
-205.988;21.9558;34.8412
-204.994;21.4237;34.8774
-203.994;20.8997;34.9448
-202.99;20.3834;34.9754
-201.982;19.8741;35.024
-200.969;19.3711;35.0357
-199.952;18.8738;35.0755
-198.931;18.3821;35.1142
-197.907;17.8955;35.1792
-196.879;17.414;35.2151
-195.848;16.9374;35.2494
-194.813;16.466;35.2831
-193.774;15.9995;35.3151
-192.733;15.5383;35.3453
-191.687;15.0828;35.3735
-190.638;14.6334;35.3736
-189.586;14.1905;35.4223
-188.529;13.7545;35.4435
-187.469;13.3258;35.4375
-186.405;12.9049;35.4535
-185.337;12.4922;35.4674
-184.265;12.0881;35.479
-183.189;11.6929;35.4885
-182.11;11.307;35.5216
-181.026;10.9302;35.5051
-179.939;10.5629;35.5382
-178.849;10.2053;35.5216
-177.754;9.85746;35.5303
-176.657;9.51949;35.54
-175.555;9.19133;35.5763
-174.451;8.87281;35.59
-173.343;8.56387;35.6057
-172.233;8.26426;35.6235
-171.119;7.97391;35.6436
-170.003;7.6925;35.6659
-168.883;7.4198;35.6642
-167.761;7.15551;35.69
-166.637;6.89918;35.7325
-165.51;6.65055;35.7736
-164.38;6.40922;35.8039
-163.248;6.17484;35.8351
-162.114;5.94707;35.8671
-160.978;5.72547;35.8728
-159.84;5.50969;35.9059
-158.699;5.29938;35.939
-157.557;5.09449;35.9979
-156.413;4.89477;36.0305
-155.267;4.70004;36.0367
-154.119;4.5102;36.0949
-152.969;4.32516;36.1006
-151.818;4.14496;36.1317
-150.664;3.96961;36.1885
-149.509;3.79922;36.2077
-148.353;3.63387;36.2223
-147.194;3.47371;36.2768
-146.034;3.31883;36.2795
-144.872;3.16945;36.3326
-143.709;3.02566;36.3482
-142.544;2.88742;36.3619
-141.378;2.75492;36.3887
-140.209;2.6282;36.4156
-139.04;2.50734;36.4425
-137.869;2.39223;36.4952
-136.696;2.28281;36.523
-135.522;2.17895;36.5517
-134.347;2.08043;36.5812
-133.17;1.98699;36.5855
-131.957;1.89582;36.6455
-130.707;1.80691;36.6804
-129.46;1.72281;36.6878
-128.209;1.64246;36.7525
-126.941;1.56445;36.7895
-125.694;1.49047;36.8268
-124.449;1.41863;36.8648
-123.186;1.34715;36.8738
-121.941;1.2773;36.9377
-120.693;1.20738;36.9742
-119.434;1.13633;37.0093
-118.198;1.06559;37.0166
-116.977;0.994375;37.0501
-115.76;0.921953;37.1094
-114.529;0.846914;37.1166
-113.327;0.771953;37.1749
-112.126;0.69543;37.1816
-110.928;0.617461;37.2399
-109.73;0.537969;37.2731
-108.522;0.45668;37.306
-107.321;0.375039;37.3391
-106.119;0.292734;37.3633
-104.917;0.210117;37.3798
-103.713;0.127539;37.4127
-102.508;0.0454297;37.4453
-101.302;-0.0357812;37.5029
-100.095;-0.115898;37.5093
-98.8865;-0.194492;37.566
-97.6771;-0.271367;37.5717
-96.4666;-0.346328;37.6278
-95.255;-0.41918;37.6584
-94.0422;-0.489883;37.6891
-92.8283;-0.558359;37.7197
-91.6133;-0.624609;37.7253
-90.3972;-0.688711;37.7563
-89.1798;-0.750742;37.7876
-87.9615;-0.810937;37.8191
-86.7421;-0.869375;37.8762
-85.5215;-0.926367;37.8828
-84.2999;-0.982109;37.9148
-83.0773;-1.03684;37.9722
-81.8535;-1.09086;37.979
-80.6288;-1.14437;38.0363
-79.4029;-1.19754;38.0681
-78.1761;-1.25059;38.0746
-76.9482;-1.30336;38.1314
-75.7193;-1.35582;38.1377
-74.4894;-1.40801;38.1691
-73.2584;-1.45977;38.2005
-72.0264;-1.51086;38.2567
-70.7934;-1.56105;38.2875
-69.5593;-1.60996;38.3182
-68.3242;-1.65734;38.3236
-67.088;-1.70281;38.3781
-65.8508;-1.7459;38.3825
-64.6125;-1.78633;38.4109
-63.3732;-1.82371;38.4388
-62.1329;-1.85777;38.466
-60.8916;-1.88828;38.5173
-59.6494;-1.915;38.5439
-58.4061;-1.93781;38.5705
-57.1619;-1.95664;38.5972
-55.9167;-1.97148;38.6243
-54.6706;-1.98242;38.627
-53.4236;-1.98961;38.6803
-52.1756;-1.99316;38.7095
-50.9267;-1.9934;38.7142
-49.6769;-1.99066;38.7448
-48.4261;-1.98527;38.8013
-47.1743;-1.9777;38.833
-45.9216;-1.9684;38.8396
-44.6678;-1.95773;38.8969
-43.4131;-1.94633;38.9286
-42.1574;-1.93449;38.9349
-40.9007;-1.92273;38.9661
-39.643;-1.91148;38.9969
-38.3843;-1.90102;39.0273
-37.1246;-1.89168;39.0825
-35.8639;-1.88367;39.1124
-34.6022;-1.87719;39.1172
-33.3396;-1.87223;39.162
-32.076;-1.86871;39.177
-30.8114;-1.86664;39.2323
-29.5458;-1.86582;39.2627
-28.2793;-1.86617;39.2682
-27.0117;-1.86738;39.2989
-25.7432;-1.86922;39.3547
-24.4737;-1.87125;39.3854
-23.2033;-1.8732;39.4159
-21.9318;-1.87469;39.4462
-20.6594;-1.87543;39.4513
-19.386;-1.875;39.5059
-18.1116;-1.8732;39.5352
-16.8363;-1.86969;39.5394
-15.5601;-1.86434;39.5681
-14.2829;-1.85687;39.5967
-13.0049;-1.84723;39.6501
-11.7259;-1.83539;39.6538
-10.446;-1.82125;39.6825
-9.16518;-1.80488;39.7363
-7.88346;-1.78633;39.7405
-6.60083;-1.7657;39.7699
-5.31731;-1.74324;39.7995
-4.03286;-1.71902;39.8293
-2.74749;-1.6934;39.8744
