1.01526;-3.90625e-05;2.85699
2.01825;-3.90625e-05;2.96822
3.0533;-3.90625e-05;3.18374
4.10802;0;3.75838
5.13813;0.000351562;4.22567
6.20983;0.000820312;4.66991
7.23072;0.00132813;5.12056
8.26342;0.00179687;5.62328
9.29526;0.00222656;6.05371
10.3068;0.00261719;6.50129
11.3877;0.00300781;6.7967
12.4892;0.00339844;7.0028
13.545;0.00394531;7.51
14.551;0.00457031;8.06839
15.6179;0.00515625;8.46697
16.7434;0.00582031;8.9747
17.7748;0.00636719;9.35226
18.8483;0.00691406;9.71948
19.9627;0.0075;10.0239
21.1171;0.00832031;10.3739
22.1376;0.00902344;10.7179
23.1862;0.00972656;10.9539
24.2621;0.0104297;11.2342
25.3645;0.0111328;11.5033
26.4925;0.0119922;11.811
27.6452;0.0129687;12.0136
28.8207;0.0139062;12.2406
30.0173;0.0148437;12.4551
31.0303;0.015625;12.6711
32.0574;0.0164453;12.8333
33.0963;0.0174219;12.9206
34.137;0.0183984;12.9061
35.1761;0.019375;12.8551
36.2037;0.0203516;12.6604
37.2203;0.0212891;12.5667
38.2296;0.0221875;12.4797
39.2346;0.0231641;12.4495
40.2386;0.0241406;12.455
41.244;0.0251172;12.4779
42.2529;0.0260937;12.546
43.2671;0.0270703;12.6027
44.2878;0.0280469;12.6906
45.3163;0.0290625;12.8162
46.3509;0.0301172;12.829
47.3846;0.0312891;12.8143
48.4231;0.0324609;13.0263
49.4827;0.0336328;13.2931
50.5635;0.0348047;13.5001
51.6651;0.0359766;13.7583
52.7872;0.0373437;14.0122
53.9295;0.0387109;14.3148
55.0917;0.0400781;14.5077
56.2734;0.0414453;14.7496
57.4745;0.0429688;14.988
58.6947;0.0445312;15.2732
59.9336;0.0460938;15.4889
61.1823;0.0476953;15.4875
62.4298;0.0492187;15.4694
63.4362;0.0505078;15.7264
64.4558;0.0519141;15.8742
65.4882;0.0533203;16.1242
66.533;0.0547266;16.2647
67.5901;0.0561328;16.4532
68.6591;0.0575781;16.6827
69.74;0.0591406;16.8174
70.8321;0.0607031;17.0369
71.9355;0.0622656;17.1659
73.0498;0.0638281;17.3807
74.1749;0.0654688;17.5007
75.3105;0.0671875;17.6634
76.4566;0.0689062;17.8669
77.6128;0.070625;18.0236
78.7791;0.0723438;18.1352
79.9552;0.0742188;18.2877
81.1412;0.0760937;18.4381
82.3367;0.0779687;18.6277
83.5418;0.0798437;18.7739
84.7562;0.0817188;18.9186
85.98;0.0837109;19.0573
87.2129;0.0857422;19.1637
88.455;0.0877734;19.3394
89.7061;0.0898047;19.4439
90.9661;0.0918359;19.5817
92.2349;0.0939844;19.7533
93.5121;0.0961719;19.8465
94.7978;0.0983594;20.0131
96.0918;0.100547;20.1399
97.3938;0.102734;20.2642
98.7039;0.104961;20.3513
100.022;0.107305;20.472
101.347;0.109648;20.6252
102.681;0.111992;20.7096
103.685;0.113789;20.833
104.695;0.115664;20.8871
105.709;0.117539;21.0086
106.727;0.119414;21.0611
107.748;0.121289;21.1449
108.774;0.123164;21.2263
109.804;0.125039;21.3364
110.837;0.127031;21.3836
111.874;0.129023;21.4915
112.915;0.131016;21.5678
113.96;0.133008;21.6133
115.008;0.135;21.6878
116.06;0.136992;21.7615
117.115;0.139023;21.8336
118.174;0.141133;21.9035
119.236;0.143242;21.9984
120.301;0.145352;22.0635
121.37;0.147461;22.1012
122.441;0.14957;22.1899
123.515;0.15168;22.2263
124.593;0.153906;22.2878
125.673;0.156133;22.3499
126.757;0.158359;22.4121
127.843;0.160586;22.4752
128.933;0.162852;22.5664
130.026;0.165117;22.6328
131.122;0.167461;22.7007
132.221;0.169805;22.7414
133.324;0.172148;22.8379
134.43;0.174492;22.9073
135.539;0.176836;22.9488
136.652;0.179219;23.0186
137.766;0.18168;23.03
138.879;0.184141;23.0137
139.992;0.186602;22.9965
141.106;0.189062;23.0867
142.225;0.191523;23.1835
143.348;0.193984;23.2782
144.476;0.196445;23.3348
145.608;0.198945;23.461
146.745;0.201523;23.5149
147.885;0.204102;23.6022
149.03;0.20668;23.7214
150.179;0.209258;23.7719
151.332;0.211875;23.8875
152.489;0.21457;23.9682
153.65;0.217266;24.0472
154.814;0.22;24.1238
155.983;0.222695;24.1681
157.154;0.225469;24.2705
158.33;0.228281;24.3124
159.508;0.231094;24.4117
160.69;0.233906;24.4519
161.876;0.236719;24.5187
163.064;0.239531;24.6107
164.256;0.242461;24.6473
165.45;0.245391;24.7358
166.648;0.24832;24.7715
167.849;0.25125;24.8588
169.052;0.25418;24.8936
170.259;0.257109;24.98
171.468;0.260156;25.0414
172.68;0.263203;25.1036
173.896;0.26625;25.1398
175.114;0.269297;25.2032
176.336;0.272344;25.2668
177.561;0.275508;25.3298
178.788;0.278672;25.4192
180.019;0.281836;25.4552
181.253;0.285;25.518
182.49;0.288203;25.6079
183.729;0.291484;25.6445
184.972;0.294766;25.7355
186.218;0.298047;25.7723
187.468;0.301328;25.8636
188.72;0.304609;25.9005
189.975;0.307969;25.9918
191.234;0.311367;26.0285
192.495;0.314766;26.1199
193.76;0.318164;26.1842
195.027;0.321562;26.2214
196.298;0.324961;26.2863
197.572;0.328477;26.3793
198.85;0.331992;26.4167
200.13;0.335508;26.5096
201.413;0.339023;26.5469
202.7;0.342578;26.6395
203.99;0.346211;26.7046
205.283;0.349844;26.742
206.579;0.353477;26.8074
207.878;0.357109;26.8725
209.181;0.360859;26.9648
210.486;0.364648;27.0016
211.795;0.368398;27.0658
213.106;0.372148;27.1298
214.421;0.375937;27.2214
215.739;0.379805;27.2576
217.06;0.383672;27.3491
218.384;0.387539;27.3854
219.711;0.391406;27.4769
221.042;0.395352;27.5409
222.375;0.399336;27.6046
223.712;0.40332;27.6406
225.051;0.407305;27.7038
226.394;0.411289;27.7669
227.739;0.415391;27.8572
229.088;0.419492;27.8924
230.439;0.423594;27.9547
231.794;0.427695;28.0444
233.152;0.431836;28.1072
234.513;0.436055;28.1427
235.876;0.440273;28.2329
237.243;0.444492;28.2954
238.613;0.448711;28.3303
239.986;0.453086;28.3927
241.362;0.457422;28.4554
242.741;0.461758;28.5459
244.123;0.466094;28.6083
245.508;0.470547;28.6709
246.896;0.475;28.7061
248.287;0.479453;28.7955
249.681;0.483906;28.8298
251.078;0.488398;28.9181
252.478;0.492969;28.979
253.881;0.497539;29.0127
255.287;0.502109;29.0733
256.695;0.50668;29.134
258.107;0.511289;29.1946
259.522;0.515977;29.2821
260.939;0.520664;29.3156
262.36;0.525352;29.4034
263.783;0.530078;29.4642
265.209;0.534883;29.525
266.639;0.539688;29.5859
268.071;0.544492;29.6471
269.506;0.549375;29.6809
270.944;0.554297;29.7417
272.385;0.559219;29.8292
273.829;0.564141;29.8624
275.276;0.569141;29.9224
276.726;0.57418;29.9804
278.178;0.579219;30.0585
279.633;0.584258;30.0835
281.09;0.589297;30.1267
282.549;0.594453;30.1838
284.01;0.599609;30.2161
285.472;0.604766;30.2292
286.936;0.609922;30.2578
288.401;0.615078;30.2844
289.867;0.620234;30.3257
291.334;0.625391;30.3362
292.803;0.630625;30.3809
294.273;0.635898;30.4123
295.745;0.641172;30.4279
297.219;0.646445;30.4835
298.694;0.651719;30.5233
300.171;0.656992;30.5442
301.651;0.662344;30.5879
303.132;0.667734;30.6563
304.616;0.673125;30.6809
306.102;0.678516;30.7537
307.591;0.684023;30.8044
309.082;0.689531;30.8563
310.575;0.695039;30.8843
312.072;0.700547;30.9377
313.57;0.706172;30.992
314.571;0.709922;31.0543
315.573;0.713672;31.0914
316.576;0.717422;31.1027
317.58;0.721172;31.1401
318.586;0.725;31.1967
319.592;0.728828;31.2156
320.6;0.732656;31.2801
321.609;0.736484;31.2919
322.62;0.740312;31.3569
323.631;0.744141;31.3881
324.644;0.748008;31.4076
325.658;0.751914;31.4292
326.671;0.75582;31.4174
327.684;0.759727;31.4038
328.697;0.763633;31.3879
329.709;0.767539;31.3714
330.721;0.771445;31.3989
331.735;0.775352;31.434
332.75;0.779258;31.4954
333.766;0.783164;31.5317
334.783;0.787148;31.568
335.802;0.791133;31.6043
336.821;0.795117;31.6407
337.842;0.799102;31.6771
338.864;0.803086;31.7135
339.887;0.807109;31.7499
340.912;0.811211;31.7864
341.937;0.815273;31.8229
342.964;0.819336;31.8594
343.991;0.823398;31.8701
345.02;0.827461;31.9323
346.051;0.831602;31.943
347.082;0.835742;31.9795
348.114;0.839883;32.016
349.148;0.844023;32.0783
350.183;0.848164;32.089
351.219;0.852344;32.1513
352.256;0.856562;32.1878
353.294;0.860781;32.2242
354.334;0.865;32.2348
355.375;0.869219;32.2712
356.417;0.873437;32.3334
357.46;0.877656;32.3698
358.504;0.881953;32.4062
359.549;0.88625;32.4425
360.596;0.890547;32.4788
361.644;0.894844;32.4893
362.693;0.899141;32.5255
363.743;0.903437;32.5877
364.794;0.907812;32.6239
365.847;0.912187;32.6342
366.9;0.916562;32.6963
367.955;0.920937;32.7324
369.011;0.925312;32.7427
370.068;0.929727;32.8047
371.126;0.93418;32.8149
372.186;0.938672;32.8509
373.246;0.943125;32.887
374.308;0.947578;32.9488
375.371;0.95207;32.959
376.435;0.956602;33.0208
377.5;0.961133;33.0567
378.567;0.965664;33.0667
379.634;0.970195;33.1284
380.703;0.974727;33.1642
381.773;0.979336;33.1742
382.844;0.983945;33.21
383.916;0.988555;33.2457
384.989;0.993164;33.3072
386.064;0.997773;33.3171
387.139;1.00238;33.3527
388.216;1.00703;33.3884
389.294;1.01176;33.4497
390.373;1.01676;33.4852
391.453;1.02227;33.4949
392.535;1.02859;33.5299
393.617;1.03633;33.5644
394.701;1.04613;33.6228
395.785;1.0584;33.655
396.871;1.07398;33.6856
397.957;1.09352;33.6909
399.044;1.11777;33.7412
400.132;1.14758;33.7649
401.221;1.18363;33.7849
402.309;1.22676;33.7798
403.398;1.27785;33.7923
404.488;1.3373;33.801
405.577;1.40566;33.8058
406.665;1.48371;33.8069
407.754;1.57168;33.8047
408.841;1.67008;33.8205
409.927;1.77937;33.7942
411.013;1.89977;33.7861
412.097;2.03145;33.7774
413.179;2.17477;33.7692
414.26;2.32965;33.7606
415.34;2.49633;33.7535
416.417;2.67492;33.7481
417.492;2.86508;33.7443
418.565;3.06707;33.7439
419.636;3.28078;33.7452
420.704;3.50594;33.7739
421.77;3.7423;33.7596
422.834;3.98992;33.7719
423.896;4.2484;33.7865
424.955;4.5175;33.8281
426.012;4.79734;33.8476
427.067;5.08742;33.8439
428.119;5.38746;33.8917
429.169;5.69734;33.9153
430.216;6.01676;33.9148
431.262;6.34551;33.9643
432.305;6.68352;33.9644
433.346;7.03078;34.0125
434.384;7.38703;34.0358
435.421;7.75227;34.059
436.454;8.12637;34.0816
437.485;8.50941;34.08
438.514;8.90145;34.1238
439.54;9.30266;34.1197
440.562;9.71309;34.1373
441.582;10.1332;34.1531
442.598;10.5629;34.1679
443.611;11.0026;34.2031
444.619;11.4517;34.1901
445.624;11.911;34.2214
446.624;12.3808;34.2044
447.62;12.8612;34.2258
448.61;13.3525;34.2023
449.595;13.8548;34.2152
450.574;14.3682;34.1864
451.546;14.8929;34.1712
452.513;15.4281;34.1661
453.472;15.9755;34.1382
454.424;16.5354;34.091
455.368;17.1063;34.0593
456.303;17.6892;34.0132
457.228;18.2837;33.9532
458.145;18.8896;33.8969
459.052;19.507;33.8409
459.949;20.1356;33.7729
460.836;20.7773;33.6931
461.712;21.4307;33.6124
462.576;22.0956;33.5335
463.427;22.7718;33.4638
464.268;23.459;33.3816
465.096;24.1571;33.3073
465.913;24.8661;33.2445
466.717;25.5859;33.1751
467.51;26.3168;33.0951
468.289;27.0598;33.0367
469.055;27.8134;32.9555
469.807;28.5771;32.8987
470.546;29.3508;32.8648
471.273;30.1341;32.8202
471.986;30.9269;32.7631
472.687;31.7289;32.7476
473.376;32.5401;32.7198
474.052;33.3601;32.6785
474.715;34.1899;32.6776
475.365;35.0291;32.6388
476.002;35.8764;32.6448
476.626;36.7314;32.638
477.238;37.5942;32.6129
477.838;38.4644;32.6314
478.426;39.3419;32.6301
479.003;40.2265;32.6087
479.568;41.118;32.6097
480.122;42.0162;32.6105
480.664;42.921;32.6308
481.195;43.8331;32.6089
481.715;44.7529;32.6206
482.221;45.6784;32.5915
482.715;46.609;32.6019
483.196;47.5453;32.588
483.666;48.4873;32.5523
484.124;49.4347;32.5283
484.569;50.3873;32.5105
485;51.3449;32.4586
485.418;52.3093;32.408
485.82;53.2788;32.3474
486.207;54.2511;32.2864
486.578;55.226;32.2117
486.935;56.2045;32.1283
487.277;57.186;32.0293
487.604;58.17;31.9207
487.914;59.1566;31.8092
488.207;60.1462;31.6745
488.483;61.1367;31.5445
488.74;62.1268;31.4265
488.981;63.1176;31.2989
489.205;64.1092;31.1786
489.414;65.1014;31.0538
489.605;66.0938;30.9344
489.778;67.0861;30.8177
489.934;68.0785;30.6975
490.071;69.0702;30.593
490.245;70.5554;30.4494
490.381;72.0385;30.325
490.479;73.5191;30.2205
490.539;74.9965;30.123
490.563;76.4703;30.0715
490.553;77.9408;30.0515
490.51;79.4085;30.0623
490.438;80.8735;30.104
490.34;82.3368;30.1688
490.221;83.7994;30.2753
490.087;85.2626;30.3297
489.947;86.7272;30.431
489.806;88.1944;30.4631
489.673;89.6643;30.5057
489.552;91.1372;30.5624
489.445;92.6127;30.5615
489.354;94.091;30.5864
489.28;95.5717;30.6427
489.222;97.0546;30.645
489.179;98.5379;30.6323
489.15;100.02;30.6041
489.134;101.5;30.5961
489.128;102.982;30.6221
489.132;104.466;30.7032
489.143;105.952;30.7315
489.162;107.44;30.7847
489.187;108.931;30.8535
489.22;110.424;30.9127
489.262;111.919;30.9362
489.313;113.416;31.0057
489.376;114.915;31.0473
489.426;115.915;31.0729
489.483;116.915;31.0964
489.547;117.916;31.0942
489.618;118.917;31.1376
489.698;119.918;31.1559
489.785;120.919;31.1719
489.882;121.92;31.1636
489.987;122.921;31.2009
490.102;123.921;31.2137
490.227;124.921;31.2261
490.361;125.92;31.2378
490.506;126.918;31.2478
490.66;127.915;31.2592
490.825;128.91;31.2705
491;129.904;31.2577
491.186;130.898;31.2905
491.384;131.89;31.2753
491.592;132.88;31.2836
491.812;133.867;31.3159
492.043;134.852;31.3253
492.284;135.834;31.3117
492.536;136.814;31.3449
492.799;137.792;31.3312
493.073;138.767;31.3411
493.357;139.74;31.3735
493.653;140.709;31.3595
493.961;141.677;31.3668
494.28;142.641;31.3729
494.611;143.601;31.3816
494.951;144.556;31.3911
495.302;145.508;31.4259
495.663;146.456;31.4129
496.035;147.402;31.426
496.416;148.343;31.4403
496.807;149.281;31.4825
497.208;150.217;31.4746
497.62;151.149;31.4924
498.04;152.078;31.5385
498.469;153.001;31.562
498.907;153.922;31.5606
499.352;154.839;31.5889
499.804;155.755;31.6194
500.262;156.667;31.6519
500.727;157.578;31.686
501.198;158.487;31.7216
501.674;159.396;31.7863
502.155;160.304;31.8218
502.64;161.21;31.8292
503.127;162.115;31.8654
503.617;163.019;31.9293
504.11;163.924;31.9363
504.604;164.828;31.9709
505.1;165.734;32.0328
505.597;166.639;32.039
506.095;167.546;32.0998
506.596;168.454;32.1318
507.097;169.362;32.1623
507.6;170.269;32.1931
508.105;171.176;32.1962
508.612;172.083;32.2519
509.122;172.989;32.2539
509.635;173.895;32.3067
510.152;174.799;32.3318
510.673;175.702;32.3307
511.2;176.603;32.3529
511.732;177.503;32.3952
512.27;178.399;32.4107
512.814;179.291;32.4248
513.364;180.18;32.4364
513.921;181.065;32.4456
514.486;181.946;32.429
515.058;182.823;32.4339
515.637;183.694;32.4606
516.225;184.561;32.44
516.822;185.423;32.4634
517.427;186.279;32.4628
518.04;187.128;32.4622
518.661;187.971;32.438
519.291;188.808;32.4618
519.929;189.639;32.4381
520.575;190.464;32.4638
521.229;191.282;32.466
521.891;192.094;32.4445
522.562;192.9;32.4734
523.241;193.699;32.4546
523.928;194.491;32.4876
524.622;195.277;32.4973
525.323;196.056;32.5095
526.032;196.83;32.5234
526.747;197.598;32.5128
527.469;198.36;32.556
528.198;199.116;32.5746
528.933;199.867;32.5943
529.674;200.614;32.5893
530.42;201.355;32.6391
531.172;202.092;32.6361
531.928;202.825;32.6612
532.689;203.554;32.6873
533.455;204.279;32.7145
534.225;205.001;32.7699
534.999;205.721;32.7709
535.777;206.437;32.8269
536.558;207.151;32.8287
537.342;207.863;32.8586
538.129;208.574;32.8884
538.919;209.282;32.9326
539.712;209.988;32.9475
540.507;210.693;32.9773
541.305;211.397;33.034
542.105;212.099;33.0641
542.908;212.8;33.067
543.714;213.5;33.0962
544.521;214.198;33.153
545.332;214.894;33.1826
546.145;215.59;33.1855
546.96;216.284;33.2422
547.778;216.976;33.2457
548.598;217.667;33.3016
549.421;218.356;33.3319
550.246;219.044;33.336
551.075;219.73;33.366
551.905;220.415;33.3973
552.738;221.098;33.4287
553.573;221.781;33.4597
554.41;222.462;33.5187
555.25;223.142;33.5515
556.092;223.821;33.5837
556.936;224.5;33.6173
557.781;225.177;33.6514
558.63;225.854;33.6575
559.479;226.531;33.709
560.33;227.207;33.7526
561.183;227.883;33.7607
562.038;228.558;33.7951
562.894;229.232;33.8304
563.753;229.907;33.8905
564.613;230.58;33.8999
565.475;231.253;33.9353
566.34;231.925;33.9698
567.207;232.595;34.0282
568.077;233.263;34.0622
568.95;233.929;34.0944
569.826;234.593;34.1266
570.705;235.253;34.1333
571.589;235.911;34.1856
572.476;236.564;34.1898
573.368;237.213;34.2169
574.265;237.857;34.2409
575.165;238.497;34.2608
576.071;239.129;34.3021
576.982;239.756;34.317
577.898;240.376;34.3094
578.82;240.989;34.3201
579.749;241.594;34.3263
580.683;242.189;34.3301
581.623;242.776;34.3294
582.57;243.353;34.3436
583.523;243.92;34.3363
584.483;244.475;34.323
585.448;245.02;34.3075
586.421;245.553;34.2879
587.399;246.073;34.2636
588.384;246.581;34.2192
589.374;247.076;34.1914
590.371;247.557;34.1586
591.373;248.025;34.1397
592.381;248.478;34.0827
593.395;248.916;34.039
594.414;249.34;33.994
595.438;249.749;33.948
596.466;250.142;33.8984
597.5;250.52;33.8464
598.537;250.882;33.7943
599.579;251.227;33.7383
600.624;251.557;33.6822
601.673;251.87;33.6279
602.725;252.167;33.5888
603.78;252.447;33.514
604.838;252.711;33.4593
605.898;252.957;33.4068
606.961;253.187;33.3719
608.026;253.4;33.305
609.092;253.596;33.2594
610.16;253.775;33.2324
611.229;253.938;33.1943
612.299;254.083;33.1397
613.371;254.212;33.1319
614.443;254.325;33.0866
615.515;254.421;33.0711
616.589;254.502;33.0635
617.662;254.566;33.0916
618.737;254.616;33.0772
619.811;254.651;33.0993
620.886;254.672;33.1307
621.962;254.68;33.208
623.039;254.676;33.2653
624.116;254.661;33.3312
625.194;254.636;33.3726
626.274;254.604;33.4529
627.356;254.565;33.5352
628.439;254.523;33.6153
629.524;254.48;33.7182
630.611;254.438;33.7783
631.7;254.401;33.8291
632.79;254.369;33.8411
633.882;254.345;33.893
634.975;254.331;33.8837
636.069;254.326;33.8912
637.163;254.332;33.9172
638.258;254.349;33.9152
639.353;254.378;33.8869
640.449;254.418;33.8844
641.544;254.47;33.9118
642.639;254.534;33.8911
643.734;254.611;33.9034
644.828;254.698;33.9502
645.922;254.796;33.98
647.016;254.906;34.0169
648.109;255.025;34.0607
649.203;255.155;34.082
650.296;255.294;34.1375
651.39;255.442;34.2262
652.484;255.597;34.291
653.579;255.759;34.3508
654.674;255.925;34.3853
655.771;256.096;34.4476
656.868;256.269;34.5369
657.968;256.444;34.5954
659.069;256.619;34.6236
660.172;256.795;34.7064
661.277;256.97;34.7322
662.384;257.143;34.8124
663.492;257.315;34.8372
664.603;257.485;34.9169
665.715;257.653;34.9694
666.829;257.82;34.9951
667.946;257.985;35.0481
669.064;258.149;35.1011
670.184;258.312;35.1542
671.306;258.473;35.2073
672.431;258.633;35.26
673.556;258.793;35.3125
674.683;258.952;35.3911
675.812;259.11;35.4175
676.943;259.269;35.4959
678.076;259.429;35.522
679.21;259.589;35.5995
680.345;259.751;35.6252
681.482;259.914;35.6763
682.621;260.079;35.7515
683.76;260.247;35.8006
684.9;260.417;35.8245
686.042;260.59;35.8725
687.185;260.768;35.919
688.328;260.951;35.9634
689.472;261.138;36.0057
690.617;261.332;36.0688
691.762;261.531;36.1073
692.907;261.737;36.1206
694.051;261.95;36.1544
695.195;262.171;36.208
696.34;262.4;36.2371
697.483;262.638;36.2417
698.625;262.886;36.2889
699.767;263.143;36.3118
700.906;263.409;36.3119
702.045;263.684;36.3586
703.182;263.969;36.3814
704.318;264.264;36.3825
705.452;264.569;36.4302
706.584;264.884;36.4327
707.714;265.21;36.461
708.842;265.545;36.4927
709.968;265.889;36.549
711.092;266.241;36.5919
712.216;266.601;36.6098
713.34;266.97;36.6805
714.461;267.347;36.7037
715.581;267.731;36.7795
716.7;268.124;36.8054
717.817;268.522;36.8792
718.934;268.926;36.9056
720.049;269.335;36.9855
721.166;269.749;37.0365
722.284;270.169;37.0861
723.401;270.596;37.1343
724.516;271.028;37.1804
725.63;271.467;37.2022
726.742;271.912;37.2427
727.853;272.362;37.3031
728.962;272.818;37.3199
730.071;273.282;37.3722
731.179;273.757;37.3966
732.283;274.243;37.395
733.381;274.739;37.4074
734.475;275.246;37.43
735.564;275.764;37.4077
736.647;276.291;37.4165
737.725;276.828;37.4065
738.799;277.376;37.3676
739.869;277.942;37.3359
740.929;278.522;37.2791
741.977;279.118;37.2218
743.016;279.727;37.1594
744.045;280.35;37.0745
745.064;280.983;37.0207
746.073;281.627;36.9555
747.075;282.286;36.8587
748.068;282.964;36.7507
749.046;283.658;36.6264
750.005;284.367;36.5171
750.951;285.09;36.3931
751.884;285.825;36.2823
752.803;286.571;36.1713
753.709;287.327;36.0732
754.602;288.097;35.9785
755.481;288.887;35.8117
756.343;289.691;35.6535
757.182;290.508;35.5031
758.002;291.337;35.3772
758.805;292.178;35.2697
759.593;293.029;35.1474
760.365;293.888;35.0291
761.12;294.756;34.9186
761.856;295.641;34.7605
762.573;296.54;34.5824
763.266;297.449;34.4377
763.935;298.367;34.3367
764.585;299.293;34.2104
765.217;300.227;34.1153
765.831;301.17;33.9923
766.426;302.119;33.885
767.004;303.075;33.777
767.558;304.045;33.5632
768.093;305.022;33.5009
768.602;306.002;33.3249
769.09;306.988;33.2871
769.558;307.98;33.1824
770.007;308.977;33.0676
770.436;309.978;32.9736
770.845;310.984;32.8835
771.234;311.994;32.7968
771.603;313.009;32.709
771.947;314.032;32.5789
772.271;315.057;32.4732
772.571;316.081;32.3769
772.85;317.107;32.3149
773.111;318.135;32.2409
773.353;319.164;32.1648
773.576;320.195;32.0756
773.779;321.227;32.0175
773.963;322.26;31.9471
774.125;323.295;31.8608
774.264;324.332;31.7488
774.382;325.367;31.6534
774.478;326.399;31.596
774.555;327.429;31.5338
774.614;328.457;31.4583
774.655;329.484;31.3957
774.678;330.51;31.3443
774.682;331.533;31.2642
774.668;332.554;31.1991
774.635;333.572;31.1464
774.582;334.588;31.0608
774.509;335.6;30.9938
774.418;336.607;30.9165
774.307;337.609;30.8457
774.178;338.606;30.7646
774.032;339.598;30.6936
773.868;340.585;30.6222
773.59;342.055;30.5274
773.274;343.513;30.4172
772.92;344.956;30.3386
772.528;346.385;30.2577
772.1;347.799;30.1774
771.636;349.197;30.1458
771.138;350.581;30.1079
770.605;351.949;30.0637
770.039;353.302;30.0814
769.443;354.64;30.0755
768.817;355.965;30.1309
768.162;357.276;30.1739
767.48;358.574;30.2283
766.773;359.859;30.2856
766.043;361.133;30.3404
765.293;362.396;30.3923
764.523;363.65;30.4336
763.734;364.895;30.4478
762.926;366.129;30.4607
762.1;367.349;30.4336
761.258;368.555;30.4029
760.4;369.746;30.3595
759.525;370.923;30.311
758.627;372.084;30.2521
757.706;373.224;30.1609
756.765;374.34;30.071
755.803;375.432;29.971
754.819;376.5;29.8618
753.816;377.542;29.7527
752.792;378.556;29.6151
751.743;379.542;29.4795
750.675;380.496;29.343
749.587;381.417;29.2151
748.48;382.306;29.0888
747.354;383.163;28.9261
746.211;383.987;28.8499
745.044;384.775;28.7126
743.86;385.525;28.5846
742.663;386.236;28.4846
741.44;386.92;28.3874
740.517;387.407;28.3161
739.566;387.885;28.2594
738.602;388.344;28.1791
737.603;388.793;28.0808
736.588;389.219;28.043
735.557;389.622;27.9878
734.512;390.003;27.9308
733.435;390.367;27.8893
732.354;390.708;27.8524
731.267;391.026;27.8261
730.173;391.321;27.7791
729.042;391.6;27.8122
727.904;391.855;27.7908
726.763;392.086;27.8192
725.607;392.296;27.8931
724.443;392.487;27.9491
723.28;392.661;27.9788
722.132;392.82;28.0984
720.983;392.97;28.1812
719.828;393.116;28.2639
718.663;393.261;28.3004
717.504;393.408;28.4031
716.361;393.559;28.4247
715.215;393.72;28.4724
714.079;393.889;28.5493
712.967;394.067;28.588
711.867;394.255;28.626
710.776;394.454;28.6304
709.693;394.662;28.6717
708.594;394.885;28.7166
707.511;395.113;28.7936
706.434;395.349;28.8509
705.361;395.591;28.9075
704.296;395.84;28.9647
703.234;396.095;28.9891
702.179;396.355;29.0487
701.129;396.618;29.1419
700.07;396.887;29.1659
699.017;397.156;29.255
697.963;397.428;29.2773
696.909;397.701;29.3693
695.851;397.977;29.425
694.788;398.257;29.4788
693.726;398.54;29.5328
692.66;398.829;29.5855
691.613;399.116;29.6285
690.578;399.404;29.6809
689.545;399.695;29.6977
688.509;399.993;29.7449
687.478;400.296;29.7909
686.452;400.606;29.8584
685.431;400.925;29.8654
684.432;401.247;29.9212
683.449;401.575;29.9471
682.478;401.911;29.9439
681.521;402.252;29.9679
680.58;402.597;29.9754
679.191;403.129;29.9718
677.834;403.675;29.9127
676.493;404.25;29.8128
675.176;404.851;29.7499
673.88;405.48;29.7165
672.598;406.136;29.6779
671.331;406.817;29.6222
670.081;407.524;29.6025
668.846;408.264;29.5293
667.63;409.04;29.4544
666.446;409.845;29.3906
665.287;410.679;29.3318
664.151;411.54;29.2728
663.038;412.427;29.2145
661.951;413.341;29.1753
660.89;414.288;29.0834
659.859;415.263;29.0216
658.864;416.262;28.9409
657.897;417.285;28.9001
656.959;418.33;28.8214
656.05;419.396;28.762
655.172;420.485;28.703
654.326;421.594;28.6425
653.513;422.727;28.5673
652.735;423.88;28.4907
651.995;425.051;28.4351
651.288;426.238;28.3614
650.616;427.441;28.2828
649.979;428.659;28.1865
649.378;429.891;28.1156
648.813;431.136;28.0129
648.286;432.393;27.9342
647.797;433.661;27.8363
647.346;434.938;27.7348
646.935;436.224;27.6231
646.562;437.516;27.5197
646.23;438.815;27.4277
645.937;440.118;27.3168
645.683;441.425;27.2362
645.47;442.735;27.1497
645.295;444.046;27.0714
645.16;445.359;26.9881
645.064;446.672;26.9523
645.006;447.984;26.9155
644.984;449.296;26.9
644.997;450.606;26.9056
645.044;451.915;26.9337
645.123;453.223;26.9867
645.229;454.531;27.0613
645.358;455.84;27.1538
645.506;457.149;27.2251
645.667;458.462;27.33
645.833;459.777;27.4277
645.997;461.097;27.5405
646.155;462.421;27.5837
646.301;463.75;27.6621
646.434;465.083;27.7235
646.55;466.42;27.7729
646.65;467.761;27.7952
646.733;469.106;27.8462
646.8;470.455;27.9292
646.85;471.807;27.9898
646.886;473.162;28.056
646.909;474.521;28.1003
646.921;475.882;28.2038
646.922;477.248;28.2815
646.916;478.617;28.36
646.905;479.99;28.4387
646.891;481.367;28.5166
646.876;482.747;28.5658
646.861;484.131;28.6425
646.847;485.518;28.7462
646.835;486.909;28.822
646.825;488.304;28.8977
646.817;489.703;28.9459
646.812;491.104;29.0478
646.81;492.509;29.0973
646.81;493.919;29.1994
646.811;495.332;29.2746
646.811;496.749;29.3492
646.809;498.17;29.4231
646.804;499.593;29.4942
646.795;501.019;29.5651
646.78;502.448;29.6109
646.758;503.884;29.7041
646.726;505.322;29.7708
646.684;506.762;29.836
646.631;508.205;29.8958
646.568;509.65;29.9357
646.494;511.095;30.0247
646.409;512.545;30.0634
646.309;514.001;30.1206
646.191;515.456;30.1743
646.057;516.911;30.2484
645.906;518.367;30.2708
645.74;519.821;30.3386
645.557;521.275;30.3606
645.352;522.733;30.3961
645.122;524.192;30.4389
644.865;525.644;30.4381
644.583;527.091;30.4513
644.278;528.534;30.4781
643.95;529.97;30.4678
643.596;531.403;30.4851
643.208;532.834;30.4642
642.787;534.253;30.4368
642.334;535.658;30.4117
641.853;537.051;30.3837
641.346;538.433;30.3648
640.812;539.805;30.3437
640.246;541.167;30.3095
639.642;542.517;30.2642
639.006;543.844;30.2098
638.34;545.153;30.2054
637.648;546.447;30.1697
636.929;547.725;30.1872
636.184;548.987;30.1825
635.406;550.234;30.1741
634.598;551.461;30.1643
633.764;552.665;30.1643
632.905;553.85;30.1432
632.022;555.017;30.1482
631.115;556.166;30.1512
630.185;557.295;30.173
629.227;558.406;30.1459
628.246;559.495;30.1554
627.244;560.559;30.1425
626.22;561.601;30.1038
625.174;562.62;30.0818
624.106;563.616;30.0685
623.011;564.585;30.0182
621.897;565.525;29.9627
620.764;566.433;29.8901
619.613;567.315;29.8315
618.443;568.17;29.7869
617.257;568.996;29.7243
616.05;569.792;29.6413
614.824;570.556;29.5925
613.586;571.285;29.5424
612.333;571.983;29.4787
611.066;572.652;29.4696
609.786;573.293;29.4219
608.492;573.904;29.4278
607.183;574.485;29.413
605.866;575.035;29.3865
604.539;575.556;29.4219
603.202;576.053;29.4393
601.856;576.526;29.4371
600.502;576.977;29.4676
599.138;577.407;29.502
597.766;577.817;29.5659
596.389;578.209;29.578
595.007;578.584;29.621
593.62;578.946;29.6958
592.227;579.297;29.7141
590.828;579.638;29.7632
589.424;579.971;29.8111
588.017;580.297;29.8585
586.608;580.618;29.9346
585.196;580.934;29.9527
583.781;581.247;30.0274
582.363;581.557;30.0732
580.94;581.865;30.0896
579.515;582.17;30.1323
578.088;582.472;30.1739
576.659;582.769;30.2142
575.227;583.061;30.2808
573.791;583.346;30.2923
572.352;583.626;30.3563
570.908;583.898;30.3908
569.462;584.161;30.3979
568.014;584.416;30.4309
566.562;584.661;30.4906
565.108;584.896;30.4975
563.65;585.123;30.5325
562.187;585.342;30.5673
560.722;585.553;30.6029
559.256;585.756;30.6399
557.787;585.954;30.678
556.316;586.147;30.7169
554.842;586.338;30.7564
553.364;586.526;30.7939
551.887;586.714;30.8603
550.407;586.902;30.8983
548.926;587.09;30.909
547.442;587.279;30.9466
545.956;587.468;30.9964
544.964;587.593;31.0339
543.476;587.78;31.043
541.987;587.963;31.0902
540.992;588.082;31.1275
539.996;588.2;31.1493
538.999;588.314;31.1444
538.001;588.425;31.164
537.001;588.531;31.2079
536;588.633;31.2009
534.999;588.731;31.2404
533.997;588.823;31.2561
532.995;588.91;31.2525
531.99;588.991;31.2593
530.985;589.066;31.2724
529.979;589.135;31.2852
528.972;589.197;31.2979
527.964;589.253;31.3105
526.955;589.302;31.3237
525.945;589.344;31.3623
524.935;589.38;31.3775
523.925;589.41;31.3677
522.914;589.434;31.4112
521.902;589.452;31.4029
520.889;589.465;31.4225
519.875;589.472;31.4431
518.861;589.474;31.4643
517.846;589.472;31.4865
516.83;589.465;31.5358
515.814;589.455;31.5319
514.798;589.442;31.5565
513.781;589.426;31.6084
512.763;589.408;31.6327
511.744;589.388;31.6573
510.724;589.365;31.6665
509.704;589.342;31.7057
508.683;589.317;31.7026
507.66;589.291;31.7528
506.638;589.264;31.7764
505.615;589.237;31.8005
504.592;589.209;31.8242
503.567;589.18;31.8477
502.541;589.15;31.8711
501.515;589.12;31.8945
500.488;589.089;31.8908
499.46;589.057;31.9407
498.432;589.023;31.9644
497.402;588.989;31.9853
496.373;588.954;31.9811
495.343;588.917;32.0041
494.312;588.878;32.0266
493.281;588.838;32.0748
492.248;588.796;32.0965
491.215;588.751;32.1178
490.182;588.704;32.1389
489.147;588.655;32.1596
488.112;588.603;32.1791
487.077;588.547;32.1987
486.043;588.489;32.1926
485.007;588.427;32.2378
483.971;588.361;32.2308
482.934;588.292;32.2756
481.896;588.219;32.294
480.859;588.141;32.2862
479.821;588.06;32.3044
478.783;587.974;32.3225
477.744;587.883;32.3396
476.706;587.789;32.3845
475.669;587.69;32.4036
474.63;587.588;32.4226
473.591;587.481;32.4159
472.551;587.371;32.4357
471.511;587.256;32.4823
470.472;587.138;32.4765
469.432;587.016;32.5254
468.391;586.892;32.518
467.35;586.764;32.5675
466.31;586.635;32.5634
465.269;586.503;32.5859
464.227;586.368;32.6087
463.184;586.232;32.6582
462.141;586.095;32.6541
461.098;585.956;32.6768
460.053;585.815;32.7259
459.008;585.673;32.7468
457.963;585.53;32.7422
456.919;585.385;32.7765
455.873;585.238;32.8137
454.826;585.09;32.8093
453.779;584.94;32.8304
452.732;584.787;32.8761
451.684;584.631;32.8956
450.637;584.471;32.9135
449.589;584.308;32.9297
448.542;584.139;32.9439
447.495;583.965;32.9556
446.449;583.786;32.9647
445.404;583.6;32.9481
444.359;583.406;32.9743
443.317;583.206;32.9533
442.275;582.997;32.9527
441.235;582.78;32.9497
440.196;582.555;32.9446
439.16;582.321;32.9386
438.125;582.078;32.9321
437.093;581.826;32.926
436.063;581.564;32.9436
435.036;581.293;32.9167
434.012;581.013;32.9149
432.99;580.724;32.9396
431.97;580.426;32.9431
430.953;580.119;32.924
429.938;579.804;32.9584
428.925;579.48;32.9705
427.914;579.15;32.9592
426.906;578.811;33.0027
425.899;578.466;33.022
424.895;578.115;33.0169
423.892;577.757;33.0382
422.89;577.394;33.0591
421.889;577.025;33.0794
420.89;576.65;33.0988
419.893;576.269;33.1424
418.898;575.883;33.1354
417.905;575.492;33.1771
416.912;575.094;33.1674
415.921;574.689;33.1784
414.931;574.277;33.2056
413.947;573.858;33.1855
412.966;573.431;33.1819
411.99;572.996;33.1916
411.017;572.552;33.1765
410.049;572.1;33.1405
409.085;571.638;33.1134
408.126;571.166;33.0781
407.172;570.68;33.0307
406.225;570.183;32.9756
405.29;569.676;32.9326
404.364;569.158;32.8745
403.445;568.631;32.8014
402.534;568.092;32.7434
401.63;567.543;32.6584
400.735;566.982;32.5807
399.829;566.391;32.4807
398.886;565.754;32.3668
397.951;565.097;32.2619
397.038;564.431;32.1498
396.128;563.748;32.0521
395.224;563.046;31.9299
394.316;562.318;31.817
393.435;561.586;31.69
392.566;560.83;31.5441
391.71;560.053;31.3926
390.857;559.245;31.2583
390.004;558.406;31.1178
389.164;557.548;30.9935
388.336;556.67;30.8443
387.518;555.768;30.7105
386.719;554.845;30.4543
385.935;553.888;30.366
385.176;552.918;30.2153
384.447;551.941;30.0756
383.756;550.971;29.9367
383.087;549.993;29.785
382.442;549.004;29.6434
381.817;547.996;29.5118
381.232;546.998;29.3565
380.684;546.009;29.2041
380.171;545.029;29.0673
379.701;544.082;28.937
379.258;543.143;28.82
378.836;542.2;28.7013
378.434;541.251;28.5969
378.054;540.3;28.4708
377.701;539.358;28.3597
377.22;537.951;28.1946
376.799;536.575;28.0166
376.428;535.213;27.8342
376.106;533.882;27.7615
375.824;532.559;27.582
375.582;531.236;27.5066
375.38;529.911;27.4134
375.22;528.586;27.3096
375.101;527.265;27.2026
375.019;525.946;27.1532
374.971;524.628;27.1013
374.956;523.312;27.0665
374.974;521.998;27.0551
375.023;520.686;27.033
375.101;519.375;27.0975
375.204;518.066;27.1126
375.327;516.759;27.1775
375.464;515.451;27.2788
375.61;514.141;27.3082
375.757;512.828;27.365
375.902;511.513;27.4135
376.044;510.195;27.4562
376.181;508.875;27.5284
376.312;507.553;27.5669
376.441;506.229;27.6088
376.568;504.903;27.6216
376.696;503.574;27.6646
376.828;502.243;27.7046
376.967;500.912;27.74
377.115;499.579;27.7702
377.275;498.247;27.7963
377.447;496.916;27.8194
377.634;495.584;27.8681
377.836;494.254;27.8891
378.052;492.924;27.8832
378.283;491.596;27.9061
378.53;490.269;27.9309
378.791;488.945;27.9836
379.067;487.621;28.0112
379.357;486.3;28.0407
379.661;484.979;28.0708
379.977;483.661;28.0759
380.307;482.344;28.1082
380.648;481.028;28.1416
381.002;479.714;28.202
381.367;478.401;28.2096
381.743;477.09;28.2712
382.131;475.78;28.3074
382.53;474.471;28.3445
382.939;473.164;28.3546
383.357;471.858;28.3937
383.786;470.553;28.4603
384.224;469.249;28.4731
384.673;467.946;28.5354
385.131;466.646;28.5489
385.598;465.346;28.5896
386.076;464.048;28.6534
386.565;462.752;28.6908
387.065;461.458;28.7278
387.577;460.168;28.7389
388.101;458.879;28.7992
388.637;457.595;28.8362
389.186;456.313;28.8458
389.748;455.035;28.9096
390.322;453.76;28.9215
390.909;452.489;28.9613
391.509;451.222;29.0041
392.119;449.957;29.0474
392.742;448.696;29.1197
393.375;447.438;29.165
394.018;446.183;29.212
394.673;444.931;29.2305
395.34;443.683;29.274
396.019;442.439;29.3155
396.711;441.201;29.3773
397.418;439.969;29.388
398.14;438.743;29.4409
398.879;437.526;29.4661
399.635;436.318;29.4859
400.41;435.121;29.5023
401.206;433.933;29.4917
402.025;432.758;29.517
402.863;431.6;29.4988
403.723;430.456;29.5044
404.602;429.328;29.5392
405.501;428.213;29.5556
406.418;427.113;29.5534
407.356;426.025;29.5839
408.315;424.947;29.6444
409.286;423.886;29.6602
410.268;422.836;29.7118
411.26;421.793;29.7666
412.259;420.754;29.8226
413.265;419.717;29.9063
414.275;418.678;29.9555
415.289;417.634;30.0008
416.301;416.59;30.0151
417.309;415.545;30.0572
418.317;414.497;30.0979
419.324;413.446;30.1396
420.331;412.392;30.2094
421.34;411.333;30.2228
422.352;410.27;30.2865
423.364;409.209;30.2949
424.375;408.15;30.3299
425.39;407.093;30.3636
426.41;406.037;30.3971
427.434;404.983;30.4563
428.465;403.931;30.4612
429.503;402.88;30.4891
430.545;401.836;30.5437
431.591;400.796;30.5438
432.642;399.761;30.5974
433.7;398.729;30.5976
434.763;397.701;30.6247
435.832;396.677;30.6777
436.91;395.656;30.6754
437.992;394.641;30.6987
439.077;393.631;30.7221
440.168;392.625;30.7723
441.263;391.623;30.7692
442.363;390.624;30.7937
443.467;389.627;30.8189
444.576;388.631;30.87
445.688;387.637;30.8924
446.799;386.645;30.9151
447.911;385.653;30.9372
449.024;384.66;30.959
450.136;383.664;30.9533
451.247;382.666;30.974
452.358;381.662;31.0188
453.465;380.653;31.0079
454.566;379.642;31.0232
455.663;378.625;31.0639
456.756;377.602;31.0774
457.843;376.572;31.0639
458.925;375.536;31.1033
459.645;374.84;31.111
460.362;374.14;31.1174
461.075;373.439;31.097
462.138;372.384;31.1085
463.196;371.323;31.1477
464.249;370.257;31.1336
464.95;369.543;31.1424
465.649;368.827;31.1514
466.346;368.109;31.1607
467.043;367.387;31.1684
467.739;366.662;31.2013
468.432;365.937;31.1794
469.12;365.212;31.212
470.148;364.121;31.2186
471.172;363.024;31.1991
471.851;362.289;31.203
472.529;361.552;31.2317
473.203;360.811;31.2077
473.876;360.064;31.2285
474.544;359.313;31.1978
475.205;358.559;31.1873
476.182;357.424;31.1905
477.144;356.279;31.1661
478.093;355.123;31.1356
479.027;353.954;31.0746
479.944;352.77;31.021
480.839;351.567;30.9677
481.704;350.353;30.8897
482.54;349.13;30.7925
483.355;347.898;30.7052
484.147;346.65;30.6245
484.916;345.389;30.4937
485.651;344.109;30.3715
486.349;342.818;30.2106
487.01;341.522;30.1055
487.644;340.219;29.9769
488.251;338.904;29.8288
488.826;337.578;29.6556
489.366;336.244;29.5059
489.866;334.903;29.3389
490.331;333.559;29.179
490.761;332.211;29.0386
491.155;330.857;28.8626
491.512;329.498;28.6973
491.829;328.138;28.553
492.106;326.776;28.4232
492.347;325.414;28.2842
492.551;324.052;28.1388
492.718;322.691;28.0212
492.849;321.333;27.8842
492.943;319.978;27.7773
493.001;318.626;27.6608
493.023;317.279;27.5553
493.006;315.937;27.4528
492.954;314.602;27.335
492.864;313.274;27.2681
492.738;311.953;27.1799
492.576;310.641;27.0784
492.378;309.339;27.0095
492.145;308.045;26.9552
491.878;306.762;26.8852
491.577;305.492;26.8054
491.242;304.233;26.743
490.873;302.986;26.6732
490.472;301.754;26.5999
490.038;300.538;26.5333
489.572;299.337;26.4393
489.076;298.155;26.3298
488.548;296.992;26.2105
487.992;295.849;26.0758
487.407;294.729;25.938
486.793;293.632;25.7808
486.154;292.559;25.6222
485.489;291.511;25.4509
484.798;290.487;25.3059
484.083;289.489;25.1651
483.344;288.516;25.0371
482.582;287.569;24.9232
481.799;286.647;24.822
480.994;285.751;24.7192
480.171;284.879;24.6255
479.331;284.03;24.5678
478.473;283.204;24.5362
477.6;282.396;24.5248
476.713;281.604;24.5188
475.814;280.827;24.5376
474.905;280.061;24.5842
473.988;279.303;24.6018
473.064;278.551;24.6413
472.134;277.802;24.7032
471.201;277.056;24.7414
470.262;276.312;24.773
469.319;275.571;24.8215
468.37;274.833;24.8955
467.414;274.1;24.9465
466.451;273.372;24.9732
465.48;272.652;25.0245
464.5;271.939;25.0991
463.51;271.235;25.1247
462.511;270.54;25.1767
461.502;269.855;25.2546
460.484;269.178;25.3081
459.458;268.512;25.3645
458.422;267.855;25.3963
457.375;267.207;25.4545
456.318;266.57;25.5323
455.251;265.944;25.5981
454.175;265.33;25.628
453.089;264.728;25.7073
451.996;264.138;25.7638
450.892;263.559;25.82
449.778;262.994;25.8736
448.653;262.444;25.9027
447.515;261.91;25.9551
446.367;261.392;26.0334
445.211;260.89;26.0822
444.048;260.403;26.1106
442.876;259.93;26.1954
441.695;259.472;26.2274
440.502;259.031;26.3108
439.299;258.609;26.3644
438.084;258.207;26.389
436.862;257.826;26.4574
435.634;257.465;26.4727
434.4;257.122;26.5158
433.158;256.798;26.5585
431.909;256.496;26.5943
430.65;256.219;26.6284
429.38;255.971;26.6711
428.103;255.753;26.6596
426.824;255.567;26.6688
425.542;255.408;26.6737
424.257;255.275;26.6764
422.97;255.17;26.7017
421.68;255.093;26.6824
420.384;255.052;26.6826
419.086;255.049;26.6297
417.793;255.086;26.6084
416.505;255.16;26.5497
415.222;255.268;26.4987
413.944;255.408;26.442
412.675;255.581;26.3943
411.413;255.787;26.3186
410.156;256.033;26.222
408.909;256.319;26.1005
407.684;256.648;25.9954
406.475;257.014;25.9092
405.281;257.415;25.8181
404.103;257.85;25.7344
402.942;258.316;25.6563
401.798;258.815;25.613
400.669;259.353;25.5402
399.562;259.927;25.4569
398.481;260.536;25.4121
397.422;261.176;25.3974
396.382;261.845;25.4202
395.36;262.54;25.4118
394.357;263.259;25.4499
393.369;264.002;25.5033
392.393;264.772;25.5951
391.432;265.567;25.6338
390.487;266.38;25.7132
389.555;267.209;25.8322
388.63;268.052;25.891
387.709;268.904;26.0147
386.789;269.764;26.0754
385.871;270.633;26.196
384.949;271.51;26.2822
384.027;272.393;26.3348
383.106;273.279;26.4484
382.186;274.169;26.4986
381.266;275.065;26.6071
380.349;275.968;26.6854
379.434;276.88;26.7318
378.526;277.803;26.8031
377.623;278.741;26.8933
376.731;279.693;26.9507
375.852;280.657;26.979
374.985;281.635;27.0521
374.133;282.63;27.0706
373.295;283.639;27.1116
372.474;284.665;27.1539
371.669;285.707;27.1965
370.88;286.765;27.2407
370.108;287.836;27.3214
369.351;288.922;27.3805
368.609;290.021;27.4462
367.878;291.133;27.5192
367.159;292.255;27.5682
366.447;293.387;27.6512
365.742;294.528;27.7364
365.038;295.677;27.8501
364.336;296.83;27.931
363.633;297.985;27.9802
362.926;299.142;28.0558
362.215;300.3;28.1599
361.5;301.459;28.2065
360.778;302.619;28.3115
360.049;303.781;28.3876
359.312;304.944;28.4626
358.571;306.107;28.5086
357.826;307.271;28.6113
357.079;308.435;28.6576
356.328;309.602;28.7629
355.575;310.772;28.8401
354.818;311.945;28.8887
354.059;313.123;28.9648
353.296;314.306;29.0667
352.536;315.49;29.138
351.775;316.675;29.1823
351.014;317.864;29.2863
350.25;319.057;29.3622
349.483;320.254;29.41
348.713;321.454;29.5142
347.941;322.659;29.5604
347.169;323.867;29.6569
346.397;325.074;29.7313
345.622;326.285;29.8059
344.844;327.5;29.8798
344.063;328.718;29.9253
343.279;329.938;29.997
342.494;331.16;30.0918
341.707;332.387;30.161
340.92;333.616;30.2039
340.129;334.848;30.2734
339.336;336.082;30.3419
338.541;337.318;30.409
337.746;338.557;30.4933
336.951;339.797;30.5366
336.153;341.044;30.6252
335.351;342.295;30.6627
334.549;343.545;30.724
333.745;344.797;30.8085
332.939;346.052;30.8438
332.134;347.307;30.9258
331.328;348.564;30.9652
330.517;349.828;31.0495
329.973;350.673;31.0661
329.428;351.518;31.1034
328.883;352.362;31.1666
328.337;353.206;31.2054
327.79;354.05;31.22
327.242;354.895;31.2578
326.693;355.739;31.297
326.142;356.584;31.3611
325.59;357.431;31.3784
325.034;358.278;31.4409
324.473;359.128;31.4564
323.91;359.978;31.4928
323.344;360.824;31.5538
322.776;361.668;31.5888
322.205;362.511;31.6201
321.63;363.353;31.6518
321.051;364.192;31.6827
320.468;365.029;31.7111
319.879;365.865;31.7166
319.283;366.697;31.7555
318.676;367.528;31.7698
318.061;368.354;31.7608
317.44;369.172;31.7634
316.811;369.981;31.7766
316.173;370.784;31.7548
315.528;371.581;31.7437
314.875;372.369;31.7413
314.213;373.151;31.7211
313.542;373.925;31.6827
312.861;374.689;31.6522
312.167;375.445;31.6116
311.461;376.191;31.5662
310.747;376.923;31.5366
310.023;377.642;31.4826
309.29;378.35;31.4453
308.549;379.047;31.4113
307.799;379.734;31.3982
307.041;380.411;31.3695
306.274;381.076;31.3417
305.497;381.73;31.3162
304.71;382.372;31.2653
303.914;383.001;31.2159
303.111;383.617;31.1604
302.302;384.219;31.1109
301.488;384.809;31.0626
300.667;385.388;31.0279
299.839;385.958;31.0243
299.005;386.516;31.0506
298.163;387.065;31.0564
297.316;387.604;31.0691
296.462;388.133;31.0636
295.601;388.652;31.082
294.735;389.161;31.1039
293.863;389.662;31.1304
292.985;390.153;31.1586
292.101;390.637;31.2119
291.212;391.112;31.2191
290.319;391.578;31.278
289.419;392.038;31.3092
288.516;392.491;31.3212
287.609;392.936;31.3582
286.696;393.376;31.3954
285.78;393.809;31.4335
284.859;394.236;31.4995
283.934;394.657;31.5404
283.006;395.073;31.5819
282.074;395.484;31.5978
281.138;395.89;31.6685
280.198;396.292;31.7114
279.256;396.689;31.7304
278.311;397.084;31.8042
277.362;397.475;31.8513
276.411;397.863;31.8994
275.458;398.249;31.9207
274.501;398.632;31.9695
273.543;399.015;32.0182
272.583;399.396;32.0941
271.62;399.777;32.1429
270.656;400.158;32.1905
269.69;400.538;32.212
268.723;400.918;32.2863
267.753;401.298;32.3339
266.782;401.678;32.3815
265.809;402.058;32.4289
264.835;402.437;32.4758
263.858;402.815;32.4968
262.88;403.192;32.5688
261.899;403.567;32.6143
260.915;403.94;32.634
259.93;404.31;32.6784
258.941;404.678;32.7466
257.95;405.042;32.7886
256.956;405.402;32.8294
255.959;405.757;32.8693
254.959;406.108;32.9085
253.956;406.455;32.9228
252.95;406.796;32.9616
251.94;407.132;33.0002
250.928;407.462;33.0393
249.912;407.788;33.0792
248.894;408.108;33.12
247.872;408.423;33.1612
246.848;408.734;33.2257
245.821;409.039;33.2735
244.791;409.34;33.2928
243.758;409.637;33.3389
242.723;409.931;33.386
241.685;410.221;33.4595
240.645;410.508;33.508
239.603;410.793;33.5566
238.558;411.075;33.5792
237.512;411.356;33.6538
236.463;411.635;33.7025
235.413;411.913;33.7493
234.361;412.19;33.7994
233.307;412.467;33.8476
232.25;412.743;33.8954
231.193;413.017;33.9175
230.133;413.291;33.991
229.072;413.564;34.0131
228.009;413.835;34.0855
226.944;414.105;34.107
225.876;414.373;34.1535
224.807;414.638;34.2243
223.736;414.901;34.2695
222.662;415.161;34.3142
221.586;415.418;34.333
220.508;415.671;34.4012
219.427;415.92;34.4195
218.344;416.166;34.4867
217.259;416.407;34.5291
216.171;416.644;34.5466
215.081;416.877;34.6139
213.988;417.105;34.6568
212.894;417.329;34.7006
211.796;417.548;34.7188
210.697;417.764;34.7637
209.596;417.975;34.8352
208.492;418.184;34.8816
207.386;418.389;34.9033
206.278;418.591;34.9512
205.169;418.791;34.9995
204.057;418.989;35.0738
202.943;419.185;35.097
201.828;419.381;35.1711
200.711;419.576;35.1942
199.593;419.77;35.2684
198.473;419.964;35.2911
197.351;420.159;35.3644
196.228;420.355;35.3867
195.103;420.551;35.4596
193.977;420.748;35.4817
192.85;420.945;35.5549
191.721;421.144;35.6017
190.591;421.343;35.6239
189.46;421.543;35.6719
188.327;421.744;35.7195
187.192;421.944;35.7922
186.056;422.145;35.8397
184.918;422.346;35.8871
183.779;422.547;35.9344
182.638;422.747;35.9565
181.496;422.947;36.0266
180.352;423.145;36.075
179.206;423.343;36.0967
178.058;423.539;36.1679
176.909;423.733;36.2138
175.757;423.926;36.2348
174.604;424.117;36.3049
173.45;424.305;36.3253
172.292;424.491;36.3945
171.134;424.674;36.4143
169.973;424.854;36.4587
168.811;425.031;36.5029
167.646;425.205;36.5467
166.48;425.376;36.6149
165.312;425.543;36.6585
164.141;425.707;36.6777
162.969;425.868;36.7217
161.795;426.025;36.7657
160.619;426.178;36.8354
159.442;426.329;36.8559
158.262;426.477;36.9264
157.081;426.622;36.9475
155.897;426.765;36.994
154.713;426.905;37.0408
153.526;427.044;37.1131
152.338;427.181;37.1354
151.147;427.318;37.2076
149.956;427.453;37.23
148.763;427.588;37.3023
147.569;427.723;37.3478
146.372;427.859;37.396
145.175;427.995;37.4424
143.976;428.133;37.4638
142.776;428.271;37.5099
141.574;428.41;37.5807
140.371;428.551;37.6019
139.167;428.692;37.6732
137.961;428.833;37.7194
136.753;428.975;37.7657
135.544;429.116;37.7873
134.334;429.256;37.8572
133.121;429.394;37.9021
131.907;429.531;37.9221
130.692;429.664;37.9642
129.475;429.794;38.0048
128.256;429.92;38.0433
127.035;430.041;38.1024
125.812;430.156;38.1136
124.588;430.265;38.1685
123.361;430.367;38.176
122.134;430.462;38.2284
120.904;430.55;38.2566
119.673;430.631;38.2851
118.441;430.704;38.3141
117.207;430.769;38.344
115.972;430.827;38.3515
114.735;430.877;38.3847
113.497;430.92;38.4451
112.257;430.956;38.459
111.016;430.985;38.5002
109.774;431.009;38.5441
108.53;431.026;38.616
107.285;431.039;38.6646
106.038;431.049;38.6889
104.79;431.055;38.765
103.54;431.06;38.7899
102.289;431.063;38.8649
101.037;431.066;38.9109
99.7826;431.071;38.9338
98.5272;431.077;39.0028
97.2702;431.086;39.0451
96.0119;431.098;39.0613
94.7523;431.115;39.1248
93.4914;431.135;39.139
92.2293;431.16;39.2015
90.966;431.19;39.2395
89.7016;431.225;39.2783
88.4361;431.265;39.3178
87.1693;431.31;39.3338
85.9014;431.36;39.4003
84.6324;431.413;39.4434
83.3622;431.472;39.4878
82.0908;431.533;39.5083
80.8181;431.598;39.5544
79.5441;431.666;39.6261
78.2689;431.736;39.6481
76.9922;431.808;39.6951
75.7142;431.881;39.7667
74.4347;431.955;39.7881
73.1538;432.029;39.834
71.8714;432.102;39.8793
70.5875;432.175;39.9241
69.3021;432.247;39.9928
68.0152;432.316;40.0363
66.7267;432.384;40.055
65.4367;432.449;40.0975
64.1451;432.511;40.1393
62.8521;432.571;40.1806
61.5576;432.627;40.2453
60.2617;432.679;40.2855
58.9642;432.727;40.3014
57.6653;432.771;40.3643
56.3649;432.811;40.403
55.0632;432.846;40.4414
53.7601;432.877;40.4797
52.4556;432.903;40.4941
51.1498;432.924;40.5321
49.8427;432.94;40.5941
48.5342;432.95;40.6084
47.2244;432.956;40.6462
45.9135;432.956;40.7069
44.6014;432.951;40.7433
43.2881;432.94;40.7559
41.9738;432.922;40.8136
40.6584;432.899;40.8472
39.342;432.869;40.88
38.0247;432.832;40.9114
36.7066;432.788;40.9192
35.3878;432.737;40.9476
34.0683;432.678;40.9743
32.7483;432.611;40.999
31.4278;432.535;41.0435
30.1069;432.451;41.0429
28.7858;432.358;41.0852
27.4646;432.256;41.1043
26.1435;432.144;41.1226
24.8225;432.023;41.1182
23.5015;431.892;41.1364
22.1808;431.752;41.1552
20.8603;431.602;41.1755
19.5402;431.442;41.2203
18.2207;431.273;41.221
16.9016;431.094;41.2476
15.5829;430.906;41.277
14.2647;430.71;41.3091
12.9466;430.505;41.3436
11.6288;430.292;41.3797
10.3108;430.07;41.4172
8.99378;429.841;41.4799
7.67695;429.605;41.4949
6.36021;429.362;41.5595
5.04358;429.112;41.5993
3.72698;428.855;41.6145
2.41028;428.593;41.6531
1.09365;428.323;41.7138
-0.223194;428.047;41.725
-1.53935;427.765;41.7572
-2.85424;427.475;41.7868
-4.16851;427.178;41.8133
-5.48201;426.873;41.8342
-6.79418;426.559;41.8652
-8.10455;426.236;41.8688
-9.41404;425.902;41.8601
-10.7199;425.557;41.8391
-12.0215;425.2;41.8051
-13.3189;424.831;41.7559
-14.6116;424.45;41.6913
-15.899;424.056;41.614
-17.1804;423.649;41.5121
-18.4559;423.227;41.399
-19.724;422.789;41.1875
-20.9814;422.337;41.1108
-22.2293;421.87;40.9239
-23.4674;421.389;40.7443
-24.6956;420.893;40.5715
-25.9135;420.383;40.371
-27.1209;419.856;40.146
-28.3161;419.31;39.8995
-29.496;418.749;39.6356
-30.6606;418.174;39.4128
-31.8119;417.586;39.1304
-32.9498;416.984;38.8892
-34.0736;416.37;38.5838
-35.1825;415.742;38.3221
-36.2764;415.1;38.0183
-37.3533;414.439;37.6759
-38.4109;413.766;37.3432
-39.4469;413.078;37.0424
-40.4655;412.378;36.749
-41.4667;411.666;36.4498
-42.4489;410.942;36.1384
-43.4106;410.202;35.8034
-44.353;409.446;35.4192
-45.2746;408.677;35.0327
-46.1697;407.897;34.7143
-47.043;407.107;34.419
-47.8964;406.307;34.1314
-48.7297;405.497;33.8472
-49.5427;404.678;33.5856
-50.335;403.849;33.3194
-51.1067;403.011;33.0721
-51.8568;402.16;32.8128
-52.5813;401.297;32.5002
-53.2794;400.429;32.2392
-53.9485;399.553;32.0531
-54.5946;398.671;31.8854
-55.2195;397.783;31.7226
-55.8235;396.891;31.5553
-56.407;395.995;31.4055
-56.9679;395.091;31.2352
-57.5025;394.177;31.0379
-58.0138;393.26;30.8612
-58.4971;392.342;30.7759
-58.9595;391.42;30.6929
-59.4016;390.493;30.6282
-59.8236;389.563;30.5841
-60.226;388.63;30.5356
-60.6116;387.695;30.5348
-60.9783;386.755;30.541
-61.3254;385.807;30.5206
-61.6549;384.854;30.5085
-62.1106;383.428;30.5368
-62.5302;381.997;30.6206
-62.9204;380.56;30.6539
-63.285;379.119;30.7194
-63.6288;377.672;30.7802
-63.9567;376.216;30.8295
-64.2739;374.759;30.8988
-64.5839;373.301;30.9027
-64.8889;371.84;30.9649
-65.1897;370.378;30.9954
-65.4853;368.914;30.996
-65.7749;367.446;31.0249
-66.0573;365.975;31.0506
-66.3313;364.502;31.1034
-66.5968;363.026;31.1263
-66.7689;362.041;31.142
-66.9374;361.054;31.1297
-67.1034;360.066;31.1478
-67.2673;359.078;31.1949
-67.4303;358.088;31.2133
-67.594;357.098;31.2062
-67.7591;356.108;31.2483
-67.9278;355.118;31.2611
-68.1014;354.128;31.2697
-68.2806;353.139;31.2718
-68.4676;352.152;31.2454
-68.663;351.166;31.2501
-68.8675;350.182;31.2085
-69.0831;349.201;31.1759
-69.3085;348.223;31.1323
-69.5454;347.248;31.0816
-69.7954;346.278;31.0204
-70.0563;345.312;30.9673
-70.4725;343.873;30.8388
-70.9181;342.445;30.7064
-71.3938;341.032;30.5868
-71.8998;339.634;30.4369
-72.4363;338.254;30.291
-73.0042;336.89;30.1187
-73.6021;335.546;29.9891
-74.232;334.222;29.8372
-74.8908;332.92;29.7005
-75.5815;331.64;29.5495
-76.3005;330.383;29.4235
-77.0498;329.15;29.3176
-77.8286;327.941;29.2109
-78.6343;326.758;29.152
-79.4697;325.6;29.0819
-80.3325;324.467;29
-81.2226;323.361;28.9851
-82.1395;322.281;28.9341
-83.0827;321.227;28.9493
-84.0508;320.199;28.958
-85.0427;319.195;28.9539
-86.0568;318.215;28.9947
-87.0917;317.255;29.0507
-88.1459;316.314;29.1185
-89.2167;315.389;29.2246
-90.302;314.476;29.2824
-91.3991;313.573;29.3709
-92.5053;312.674;29.4582
-93.618;311.778;29.5419
-94.7352;310.882;29.6537
-95.8551;309.982;29.7281
-96.9765;309.08;29.7682
-98.0989;308.173;29.8388
-99.2224;307.263;29.9085
-100.347;306.349;29.9776
-101.475;305.433;30.0752
-102.606;304.515;30.1125
-103.741;303.598;30.1771
-104.881;302.682;30.2389
-106.027;301.769;30.3262
-107.18;300.861;30.3743
-108.34;299.956;30.4115
-109.507;299.057;30.4939
-110.683;298.164;30.5211
-111.865;297.275;30.6034
-113.055;296.392;30.6317
-114.251;295.513;30.7152
-115.454;294.638;30.7449
-116.662;293.767;30.8292
-117.876;292.898;30.8867
-119.095;292.032;30.9434
-120.319;291.167;31
-121.136;290.592;31.0106
-121.956;290.017;31.0747
-122.778;289.442;31.1119
-123.601;288.868;31.1223
-124.426;288.295;31.1594
-125.253;287.721;31.2227
-126.082;287.148;31.2591
-126.912;286.576;31.2688
-127.744;286.004;31.3317
-128.578;285.433;31.3412
-129.414;284.862;31.4035
-130.251;284.292;31.4392
-131.09;283.723;31.4749
-131.932;283.154;31.4842
-132.775;282.586;31.5196
-133.62;282.019;31.5811
-134.467;281.452;31.5899
-135.315;280.886;31.6517
-136.165;280.321;31.6868
-137.017;279.756;31.6956
-137.871;279.192;31.7571
-138.727;278.629;31.766
-139.584;278.065;31.8273
-140.443;277.503;31.8361
-141.303;276.94;31.8711
-142.165;276.378;31.906
-143.028;275.817;31.9411
-143.894;275.256;32.0019
-144.76;274.695;32.0103
-145.629;274.135;32.0448
-146.499;273.576;32.1052
-147.371;273.017;32.1394
-148.245;272.459;32.1476
-149.121;271.903;32.1814
-149.999;271.347;32.2151
-150.879;270.793;32.2745
-151.761;270.24;32.282
-152.645;269.689;32.3411
-153.532;269.14;32.3485
-154.421;268.592;32.3816
-155.312;268.046;32.4147
-156.206;267.501;32.474
-157.102;266.959;32.4816
-158;266.418;32.5153
-158.901;265.878;32.5754
-159.803;265.34;32.6096
-160.708;264.803;32.6443
-161.615;264.268;32.6792
-162.523;263.733;32.6881
-163.433;263.199;32.7496
-164.345;262.665;32.785
-165.258;262.132;32.7943
-166.172;261.598;32.8299
-167.088;261.065;32.8654
-168.005;260.53;32.9268
-168.922;259.995;32.9361
-169.841;259.46;32.9974
-170.76;258.923;33.0065
-171.679;258.385;33.0416
-172.6;257.846;33.0768
-173.521;257.305;33.1377
-174.442;256.763;33.1468
-175.364;256.22;33.1993
-176.286;255.675;33.2168
-177.208;255.128;33.2514
-178.131;254.58;33.3117
-179.054;254.029;33.3206
-179.977;253.477;33.3548
-180.899;252.922;33.389
-181.822;252.364;33.4485
-182.744;251.805;33.4567
-183.666;251.242;33.5155
-184.588;250.677;33.5488
-185.509;250.108;33.5818
-186.429;249.537;33.5892
-187.349;248.962;33.6473
-188.268;248.384;33.6546
-189.186;247.803;33.6871
-190.103;247.219;33.7195
-191.019;246.63;33.7519
-191.934;246.038;33.8089
-192.847;245.443;33.8155
-193.759;244.843;33.8465
-194.67;244.239;33.8769
-195.579;243.631;33.9309
-196.486;243.018;33.9354
-197.391;242.4;33.9883
-198.293;241.777;34.0153
-199.193;241.149;34.0415
-200.091;240.516;34.067
-200.985;239.877;34.0914
-201.876;239.233;34.1148
-202.764;238.582;34.1135
-203.649;237.926;34.135
-204.529;237.263;34.18
-205.406;236.593;34.2011
-206.279;235.917;34.1974
-207.147;235.235;34.2423
-208.012;234.547;34.2629
-208.872;233.851;34.2597
-209.727;233.15;34.3053
-210.578;232.441;34.3266
-211.425;231.726;34.3239
-212.267;231.005;34.3457
-213.104;230.277;34.3683
-213.937;229.543;34.4162
-214.765;228.803;34.4148
-215.589;228.056;34.4632
-216.408;227.303;34.4629
-217.222;226.545;34.5122
-218.032;225.78;34.5124
-218.837;225.009;34.5615
-219.638;224.232;34.5617
-220.434;223.45;34.6122
-221.226;222.662;34.6126
-222.013;221.868;34.6381
-222.795;221.069;34.6882
-223.573;220.264;34.6889
-224.346;219.453;34.7141
-225.115;218.637;34.7627
-225.879;217.815;34.7621
-226.637;216.988;34.7852
-227.391;216.155;34.8331
-228.139;215.316;34.831
-228.882;214.472;34.8529
-229.62;213.621;34.8738
-230.352;212.766;34.9188
-231.079;211.904;34.9149
-231.799;211.037;34.9584
-232.514;210.164;34.9535
-233.222;209.285;34.996
-233.924;208.4;34.9902
-234.621;207.509;35.034
-235.31;206.613;35.0532
-235.994;205.711;35.0728
-236.671;204.804;35.0679
-237.342;203.891;35.1141
-238.006;202.973;35.1359
-238.665;202.049;35.1333
-239.317;201.12;35.1564
-239.962;200.186;35.2054
-240.602;199.247;35.2307
-241.236;198.302;35.2565
-241.865;197.354;35.2825
-242.487;196.4;35.3085
-243.104;195.442;35.3093
-243.715;194.479;35.3358
-244.321;193.512;35.3872
-244.921;192.54;35.4132
-245.515;191.564;35.4386
-246.103;190.583;35.4389
-246.686;189.598;35.4882
-247.263;188.609;35.5115
-247.834;187.615;35.5096
-248.398;186.617;35.5313
-248.956;185.615;35.5761
-249.507;184.608;35.5722
-250.052;183.596;35.6154
-250.59;182.581;35.6096
-251.12;181.56;35.6501
-251.644;180.535;35.6424
-252.159;179.506;35.6578
-252.667;178.472;35.6734
-253.167;177.434;35.6886
-253.659;176.391;35.7278
-254.143;175.344;35.7179
-254.619;174.293;35.7328
-255.087;173.238;35.7707
-255.546;172.178;35.7609
-255.996;171.114;35.7969
-256.437;170.045;35.7858
-256.869;168.973;35.8202
-257.293;167.897;35.8304
-257.706;166.816;35.8389
-258.111;165.732;35.8231
-258.505;164.644;35.828
-258.888;163.552;35.8524
-259.262;162.456;35.8316
-259.624;161.356;35.8313
-259.976;160.253;35.8491
-260.317;159.146;35.8222
-260.645;158.035;35.8136
-260.962;156.922;35.8239
-261.267;155.805;35.79
-261.559;154.685;35.7757
-261.838;153.562;35.7811
-262.105;152.436;35.7421
-262.359;151.308;35.7453
-262.599;150.177;35.7274
-262.827;149.044;35.7096
-263.041;147.908;35.6702
-263.241;146.771;35.6538
-263.429;145.631;35.6392
-263.603;144.49;35.6509
-263.763;143.347;35.6184
-263.911;142.202;35.6133
-264.045;141.056;35.6365
-264.167;139.909;35.6133
-264.276;138.761;35.6435
-264.373;137.612;35.6278
-264.458;136.461;35.6412
-264.531;135.31;35.684
-264.593;134.157;35.7042
-264.644;133.004;35.7268
-264.685;131.85;35.7521
-264.716;130.695;35.7793
-264.737;129.539;35.8081
-264.749;128.383;35.8379
-264.752;127.225;35.8682
-264.747;126.067;35.8996
-264.735;124.908;35.931
-264.714;123.749;35.9357
-264.687;122.589;35.9919
-264.652;121.428;35.9953
-264.609;120.266;36.0231
-264.56;119.104;36.0758
-264.502;117.941;36.1002
-264.437;116.778;36.0978
-264.364;115.615;36.1412
-264.282;114.452;36.1335
-264.191;113.289;36.1454
-264.09;112.126;36.1542
-263.979;110.964;36.1797
-263.857;109.803;36.1576
-263.724;108.642;36.172
-263.579;107.484;36.1602
-263.422;106.326;36.1233
-263.252;105.171;36.1212
-263.07;104.018;36.0947
-262.874;102.868;36.0433
-262.664;101.721;36.0275
-262.441;100.577;35.9877
-262.203;99.4365;35.9446
-261.951;98.3002;35.8804
-261.685;97.168;35.8337
-261.404;96.0405;35.7855
-261.109;94.9178;35.7366
-260.799;93.8002;35.7066
-260.474;92.6881;35.6378
-260.135;91.5817;35.59
-259.781;90.481;35.5456
-259.413;89.3863;35.5265
-259.03;88.2978;35.4668
-258.633;87.2156;35.4335
-258.222;86.1397;35.429
-257.798;85.0704;35.3828
-257.359;84.0074;35.3676
-256.908;82.9507;35.3854
-256.443;81.9002;35.3594
-255.966;80.8558;35.3943
-255.477;79.8172;35.4106
-254.977;78.7842;35.4349
-254.465;77.7564;35.4663
-253.943;76.7333;35.4744
-253.412;75.7145;35.5175
-252.872;74.6993;35.5647
-252.325;73.6871;35.6452
-251.771;72.6773;35.6662
-251.212;71.6691;35.7172
-250.648;70.662;35.7665
-250.081;69.6553;35.8132
-249.512;68.6487;35.8869
-248.94;67.6416;35.8994
-248.368;66.6337;35.9692
-247.794;65.6249;36.0082
-247.22;64.6153;36.0182
-246.644;63.605;36.0566
-246.066;62.5944;36.0941
-245.486;61.5839;36.1573
-244.903;60.5739;36.1916
-244.316;59.565;36.1984
-243.723;58.5579;36.2261
-243.125;57.5533;36.2485
-242.52;56.5518;36.2643
-241.908;55.5544;36.2957
-241.287;54.5614;36.2983
-240.657;53.5736;36.2937
-240.019;52.5916;36.2613
-239.37;51.6159;36.2442
-238.712;50.6472;36.2214
-238.043;49.6858;36.1938
-237.363;48.7322;36.1635
-236.673;47.7868;36.1303
-235.973;46.8499;36.0958
-235.262;45.9218;36.0827
-234.54;45.0027;36.0491
-233.807;44.0929;36.0173
-233.064;43.1927;35.9888
-232.311;42.302;35.9407
-231.548;41.4208;35.9206
-230.774;40.5492;35.9059
-229.99;39.6872;35.9219
-229.197;38.8348;35.8939
-228.394;37.9916;35.8974
-227.582;37.1575;35.9333
-226.761;36.3322;35.9232
-225.932;35.5154;35.9445
-225.095;34.7066;35.9979
-224.249;33.9053;36.0015
-223.397;33.1112;36.0354
-222.538;32.3234;36.0726
-221.672;31.5414;36.1115
-220.801;30.7646;36.179
-219.924;29.9927;36.1903
-219.042;29.225;36.2287
-218.156;28.4611;36.2667
-217.265;27.7006;36.3031
-216.37;26.9436;36.3382
-215.471;26.1898;36.3977
-214.568;25.4396;36.429
-213.661;24.693;36.4336
-212.749;23.9503;36.4618
-211.832;23.2122;36.5107
-210.91;22.4792;36.5075
-209.983;21.7522;36.5234
-209.05;21.0319;36.555
-208.11;20.3191;36.5575
-207.164;19.6147;36.5525
-206.211;18.9193;36.5217
-205.252;18.2337;36.5015
-204.285;17.5588;36.4711
-203.31;16.8953;36.4439
-202.329;16.2439;36.3891
-201.341;15.6054;36.3225
-200.346;14.9804;36.1944
-199.344;14.3693;36.1028
-198.336;13.7727;36.0529
-197.321;13.1913;35.952
-196.301;12.6254;35.8325
-195.275;12.0756;35.7109
-194.243;11.5421;35.5873
-193.207;11.0254;35.4511
-192.165;10.5258;35.3174
-191.119;10.0434;35.189
-190.069;9.57855;34.9791
-189.014;9.13148;34.9201
-187.956;8.70238;34.7868
-186.894;8.29137;34.6454
-185.829;7.89852;34.5175
-184.761;7.52398;34.3939
-183.69;7.16773;34.2755
-182.616;6.82992;34.1635
-181.541;6.51051;34.0589
-180.463;6.20937;33.9811
-179.292;5.90359;33.8282
-178.031;5.59906;33.811
-176.767;5.31836;33.7463
-175.51;5.06328;33.6745
-174.226;4.82645;33.6471
-172.927;4.61074;33.672
-171.635;4.41879;33.6891
-170.351;4.24914;33.7278
-169.038;4.09582;33.7853
-167.715;3.95977;33.8219
-166.403;3.84047;33.9047
-165.103;3.73434;33.9907
-163.846;3.63934;34.1074
-162.59;3.54813;34.1721
-161.362;3.45848;34.2237
-160.149;3.36598;34.2319
-158.992;3.27203;34.2846
-157.842;3.17148;34.2717
-156.704;3.06398;34.3095
-155.581;2.94973;34.29
-154.479;2.82938;34.2996
-153.378;2.7009;34.341
-152.276;2.56449;34.3605
-151.175;2.42055;34.3867
-150.074;2.26957;34.3915
-148.973;2.1123;34.431
-147.872;1.94965;34.5037
-146.77;1.78301;34.5509
-145.667;1.61383;34.5947
-144.564;1.44379;34.6437
-143.458;1.27457;34.6587
-142.352;1.10801;34.7189
-141.244;0.945625;34.7468
-140.134;0.788867;34.7686
-139.022;0.638711;34.7845
-137.908;0.496094;34.7713
-136.793;0.361758;34.779
-135.677;0.236094;34.8093
-134.559;0.119531;34.815
-133.44;0.0121875;34.8216
-132.319;-0.0857812;34.805
-131.197;-0.174336;34.8158
-130.074;-0.253594;34.8558
-128.95;-0.32375;34.8756
-127.737;-0.389258;34.9022
-126.459;-0.447578;34.9034
-125.172;-0.496055;34.9389
-123.914;-0.534609;35.0078
-122.653;-0.565234;35.0187
-121.404;-0.588867;35.0832
-120.149;-0.60707;35.137
-118.85;-0.621289;35.1813
-117.595;-0.631875;35.2243
-116.352;-0.640391;35.2368
-115.118;-0.648047;35.3064
-113.882;-0.655703;35.3173
-112.657;-0.663945;35.3847
-111.429;-0.673437;35.4119
-110.235;-0.68418;35.4575
-109.043;-0.696719;35.4658
-107.853;-0.711133;35.5016
-106.665;-0.7275;35.5372
-105.486;-0.745625;35.5995
-104.315;-0.765469;35.6346
-103.147;-0.786953;35.6694
-101.993;-0.809727;35.6778
-100.839;-0.833828;35.7126
-99.6866;-0.859023;35.7734
-98.5328;-0.885234;35.7994
-97.378;-0.912187;35.8427
-96.2221;-0.939531;35.8513
-95.065;-0.966953;35.8857
-93.9069;-0.994023;35.9199
-92.7476;-1.02043;35.9796
-91.5823;-1.04602;36.0133
-90.4136;-1.07039;36.021
-89.244;-1.09309;36.0702
-88.0753;-1.11371;36.1121
-86.8917;-1.13215;36.1184
-85.7027;-1.14781;36.1656
-84.5023;-1.16043;36.1814
-83.3026;-1.16965;36.2379
-82.1008;-1.1752;36.2685
-80.8953;-1.17684;36.2729
-79.6682;-1.17426;36.3035
-78.4369;-1.16738;36.3341
-77.2254;-1.15633;36.3644
-75.9887;-1.14074;36.4117
-74.7448;-1.12078;36.4278
-73.5122;-1.09695;36.4601
-72.2942;-1.06973;36.519
-71.0748;-1.03898;36.5259
-69.8332;-1.00449;36.5603
-68.6088;-0.967773;36.5948
-67.3718;-0.92832;36.6569
-66.1321;-0.886914;36.6653
-64.9029;-0.844414;36.7005
-63.6846;-0.801445;36.7352
-62.4549;-0.757578;36.7962
-61.2427;-0.714336;36.8299
-60.0423;-0.671953;36.8631
-58.8277;-0.629844;36.8964
-57.62;-0.589023;36.9292
-56.417;-0.549609;36.9359
-55.2231;-0.511953;36.9679
-54.0303;-0.475977;36.9997
-52.8364;-0.441641;37.0568
-51.6415;-0.409023;37.0631
-50.4454;-0.378164;37.0949
-49.2475;-0.349023;37.1267
-48.0493;-0.32168;37.184
-46.85;-0.295977;37.1906
-45.6497;-0.271836;37.2227
-44.4484;-0.249062;37.2803
-43.2459;-0.227656;37.3125
-42.0424;-0.2075;37.3194
-40.8379;-0.188398;37.3516
-39.6323;-0.170273;37.4092
-38.4257;-0.153008;37.4414
-37.218;-0.136406;37.4483
-36.0093;-0.120469;37.4805
-34.7996;-0.105078;37.5126
-33.5887;-0.0901562;37.5447
-32.3769;-0.0755469;37.6021
-31.164;-0.0613281;37.6248
-29.9501;-0.0473828;37.666
-28.7352;-0.0336719;37.6727
-27.5192;-0.0201953;37.7299
-26.3022;-0.00695312;37.7365
-25.0842;0.00613281;37.7935
-23.8651;0.0190625;37.8253
-22.6451;0.0317969;37.8571
-21.4239;0.0442969;37.8887
-20.2018;0.0566016;37.8952
-18.9787;0.0687109;37.9268
-17.7526;0.0805078;37.9585
-16.5274;0.0921484;38.0152
-15.3012;0.103477;38.0467
-14.074;0.114531;38.0531
-12.8457;0.125273;38.1097
-11.6164;0.135703;38.1159
-10.3861;0.145781;38.1473
-9.15482;0.155469;38.1786
-7.9225;0.164805;38.2099
-6.68917;0.173672;38.2412
-5.45484;0.182148;38.2976
-4.21949;0.190195;38.3288
-2.98314;0.197812;38.3599
